>simGorilla.simGorilla.chr6
+1 +2 +3 +4 +5 +6 +7 +8 +9 +10 +11 +11 +12 +13 +13 +14 +15 +16 +17 +18 +19 +20 +21 +5 +22 -20 +23 -2 +24 $
>simOrang.simOrang.chr6
+1 +2 +3 -6 -5 -4 +7 +9 -8 +10 +11 +11 +12 +13 +14 +15 +16 +17 -18 +19 +20 +21 +5 +22 -20 +23 +24 $
>simChimp.simChimp.chr6
+1 +2 +3 +4 +5 +6 +7 +8 +9 +10 +11 +11 +12 +13 +14 -16 +15 +17 +18 +19 +20 +21 +5 +22 -20 +23 -2 +24 $
>Anc2.Anc2refChr0
+1 +2 +3 +4 +5 +6 +7 +8 +9 +10 +11 +11 +12 +13 +14 +15 +16 +17 +18 +19 +20 +21 +5 +22 -20 +23 -2 +24 $
>simHuman.simHuman.chr6
+1 +2 +3 +4 +5 +6 +7 +8 +9 +10 +11 +11 +12 +13 +14 +15 +16 +17 +18 +19 +20 +21 +5 +22 -20 +23 -2 +24 $
