>Anc0.Anc0refChr133
+1 $
>Anc0.Anc0refChr302
+2 $
>Anc0.Anc0refChr124
+3 $
>Anc0.Anc0refChr274
+4 $
>Anc0.Anc0refChr30
+5 $
>Anc0.Anc0refChr107
+6 $
>Anc0.Anc0refChr283
+7 $
>Anc0.Anc0refChr138
+8 $
>Anc0.Anc0refChr265
+9 $
>Anc0.Anc0refChr228
+10 $
>Anc0.Anc0refChr210
+11 $
>Anc0.Anc0refChr264
+12 $
>Anc0.Anc0refChr311
+13 $
>Anc0.Anc0refChr111
+14 $
>Anc0.Anc0refChr84
+15 $
>Anc0.Anc0refChr4
+16 $
>Anc0.Anc0refChr102
+17 $
>Anc0.Anc0refChr310
+18 $
>Anc0.Anc0refChr6
+19 $
>Anc0.Anc0refChr285
+20 $
>Anc0.Anc0refChr294
+21 $
>Anc0.Anc0refChr281
+22 $
>Anc0.Anc0refChr119
+23 $
>Anc0.Anc0refChr117
+24 $
>Anc0.Anc0refChr292
+25 $
>Anc0.Anc0refChr112
+26 $
>Anc0.Anc0refChr190
+27 $
>Anc0.Anc0refChr23
+28 $
>Anc0.Anc0refChr225
+29 $
>Anc0.Anc0refChr137
+30 $
>Anc0.Anc0refChr224
+31 $
>Anc0.Anc0refChr88
+32 $
>Anc0.Anc0refChr188
+33 $
>Anc0.Anc0refChr171
+34 $
>Anc0.Anc0refChr189
+35 $
>Anc0.Anc0refChr193
+36 $
>Anc0.Anc0refChr83
+37 $
>Anc0.Anc0refChr286
+38 $
>Anc0.Anc0refChr12
+39 $
>Anc0.Anc0refChr101
+40 +41 $
>Anc0.Anc0refChr34
+42 $
>Anc0.Anc0refChr48
+43 $
>Anc0.Anc0refChr330
+44 $
>Anc0.Anc0refChr39
+45 $
>Anc0.Anc0refChr26
+46 $
>Anc0.Anc0refChr289
+47 +48 $
>Anc0.Anc0refChr221
+49 $
>Anc0.Anc0refChr131
+50 $
>Anc0.Anc0refChr10
+51 $
>Anc0.Anc0refChr186
+52 $
>Anc0.Anc0refChr7
+53 $
>Anc0.Anc0refChr86
+54 $
>Anc0.Anc0refChr130
+55 $
>Anc0.Anc0refChr277
+56 $
>Anc0.Anc0refChr110
+57 +58 $
>Anc0.Anc0refChr109
+59 $
>Anc0.Anc0refChr129
+60 $
>Anc0.Anc0refChr17
+61 +62 $
>Anc0.Anc0refChr75
+63 $
>Anc0.Anc0refChr69
+64 $
>Anc0.Anc0refChr314
+65 $
>Anc0.Anc0refChr53
+66 $
>Anc0.Anc0refChr77
+67 $
>Anc0.Anc0refChr290
+68 +69 $
>Anc0.Anc0refChr32
+70 $
>Anc0.Anc0refChr16
+71 $
>Anc0.Anc0refChr135
+72 +73 $
>Anc0.Anc0refChr267
+74 $
>Anc0.Anc0refChr13
+75 +76 +77 $
>Anc0.Anc0refChr272
+78 $
>Anc0.Anc0refChr329
+79 $
>Anc0.Anc0refChr217
+80 $
>Anc0.Anc0refChr100
+81 +82 $
>Anc0.Anc0refChr270
+83 $
>Yersinia_pestis_KIM_10.Yersinia_pestis_KIM_10.Chr
+73 +76 +84 +85 +65 +86 +87 +88 +43 +66 +12 +40 +41 +89 +8 +63 +74 +76 +17 +90 +91 +7 +76 +92 +93 +76 +94 +70 +53 +67 +9 +21 +95 +54 +10 +11 +96 +97 +98 +99 +100 +39 +49 +32 +101 +102 +76 +77 +38 +55 +13 +42 +14 +103 +19 +20 +104 +105 +22 +106 +25 +57 +58 +107 +16 +108 +18 +109 -15 +110 -30 +111 -52 +112 -83 -23 -24 -26 +113 -61 +114 +115 +116 +117 -45 -27 -28 -29 -31 +118 +119 +120 -33 -34 -48 -47 -60 -79 -35 +121 +122 -36 -37 -64 -78 +123 +124 -46 +125 +126 -71 +127 +128 +129 -44 +130 +131 +132 +133 +134 +135 +136 +137 +138 +139 +140 +141 +142 +143 +144 +145 +146 +147 +148 -76 -75 -69 -68 +149 +150 +151 +152 +153 +131 +154 +155 +156 -82 +157 +158 +159 +160 -50 -51 -56 -81 +161 +162 +163 +164 -59 -62 -76 +165 +166 +167 +4 +5 +6 +168 +169 +80 -3 -2 +1 +72 $
>Anc0.Anc0refChr309
-162 $
>Anc0.Anc0refChr316
-158 $
>Yersinia_pestis_Nepal516.Yersinia_pestis_Nepal516.Chr
+73 +76 +84 +74 +76 +17 +90 +91 +7 +76 +92 +93 +76 +62 +59 -164 -163 -162 -161 +81 +56 +51 +50 -160 -159 +54 +10 +11 +96 +97 +98 +99 +100 +39 +49 +32 +101 +102 +76 +77 +38 +55 +13 +42 +14 +103 +19 +20 +104 +105 +22 +106 +25 +57 +58 +107 +16 +108 +18 +109 -15 +110 -30 -121 +35 +79 +60 +47 +48 +34 +33 +119 +120 -118 +31 +29 +28 +27 +45 -117 -116 -115 -114 +61 -113 +26 +24 +23 +83 -112 +52 -111 +123 +124 -46 +125 +126 -71 +127 +128 +129 -44 +130 +131 +132 +133 +134 +135 +136 +137 +138 +139 +140 +141 +142 +143 +144 +170 +145 +146 +147 +148 -76 -75 -69 -68 +149 +150 +151 +152 +153 +131 +154 -158 -157 +82 -156 -155 -95 -21 -9 -67 -53 -70 -94 -76 +65 +86 +87 +88 +43 +66 +12 +40 +41 +89 +8 -6 -5 -4 -167 -166 -165 -3 -2 -63 +85 -80 -169 -168 +1 +72 $
>Anc0.Anc0refChr263
+92 $
>Anc0.Anc0refChr268
+94 $
>Anc0.Anc0refChr21
-126 $
>Anc0.Anc0refChr42
+101 $
>Anc0.Anc0refChr183
+120 $
>Anc0.Anc0refChr215
-138 $
>Anc0.Anc0refChr176
-128 $
>Anc0.Anc0refChr76
+99 +100 $
>Anc0.Anc0refChr37
-163 $
>Anc0.Anc0refChr63
-160 $
>Anc0.Anc0refChr195
+169 $
>Anc0.Anc0refChr297
-142 $
>Anc0.Anc0refChr293
+104 $
>Yersinia_pestis_Antiqua.Yersinia_pestis_Antiqua.Chr
+73 +76 +84 -95 -21 -9 +74 +76 +17 +90 +91 +63 -154 -131 -153 -152 -151 -150 -149 +68 +69 +75 +76 -148 -147 -136 -135 -134 -133 -132 -131 -130 +44 -129 -128 -144 -143 -142 -141 -140 -139 -138 -137 -146 -145 -170 -127 +71 -126 -125 +46 -124 -123 +78 +64 +37 +36 -122 -121 +35 +79 +60 +48 +34 +33 +119 +120 -118 +31 +29 +28 +27 +45 -117 -116 -115 -114 +61 -113 +26 +24 +23 +83 -112 +52 -111 +30 -110 +15 -109 -18 -108 -16 -107 -58 +22 +106 +25 +57 -105 -104 -20 -19 -103 -14 -42 -13 -55 -38 -77 -76 +100 +39 +49 +32 +101 +102 -99 -98 -97 -96 -11 -10 -54 +2 +3 +171 +159 +160 -50 -51 -56 -80 -169 -168 +155 +156 -82 +157 +158 -8 -89 -41 -76 -7 +85 -59 -62 -76 -81 +161 -76 -93 -92 -40 -12 -66 -43 -88 -87 -86 -65 -6 -5 -4 -167 -166 -165 +164 -67 -53 -70 -94 -163 -162 +1 +72 $
>Anc0.Anc0refChr315
+85 $
>Anc0.Anc0refChr332
+87 +88 $
>Anc0.Anc0refChr95
-111 $
>Anc0.Anc0refChr15
+96 $
>Anc0.Anc0refChr104
+167 $
>Anc0.Anc0refChr317
-159 $
>Anc0.Anc0refChr43
-137 $
>Anc0.Anc0refChr113
+103 $
>Anc0.Anc0refChr8
-155 -154 $
>Anc0.Anc0refChr216
+102 $
>Anc0.Anc0refChr212
+97 $
>Anc0.Anc0refChr41
-136 $
>Anc0.Anc0refChr97
+89 $
>Anc0.Anc0refChr74
-157 $
>Anc0.Anc0refChr36
+91 $
>Anc0.Anc0refChr279
-127 $
>Anc0.Anc0refChr49
-118 $
>Anc0.Anc0refChr20
-149 $
>Anc0.Anc0refChr219
-170 $
>Anc0.Anc0refChr52
-116 $
>Anc0.Anc0refChr85
-109 -114 $
>Yersinia_pestis_Z176003.Yersinia_pestis_Z176003.Chr
+73 +76 +62 +59 -85 +63 +168 +169 +80 +94 +70 +53 +67 -164 -163 -162 -161 +81 +56 +51 +50 -160 -159 -171 +155 +156 -82 +157 +158 -154 -131 -153 -152 -151 -150 -149 +68 +69 +75 +76 -148 -147 -146 -145 -170 -144 -143 -142 -141 -140 -139 -138 -137 -136 -135 -134 -133 -132 -131 -130 +44 -129 -128 -27 -28 -29 -31 +118 -120 -119 -33 -34 -48 -47 -60 -79 -35 +121 +123 +124 -46 +125 +126 -71 +127 +45 -117 -116 -115 -114 +61 -113 +26 +24 +23 +165 +166 +167 +4 +5 +6 +83 -112 +104 +105 +22 +106 +25 +57 +58 +107 +16 +108 +18 +19 +20 +52 -111 +30 -110 +15 -109 -103 -14 -42 -13 -55 -38 -77 -76 -102 -101 -32 -49 -39 -100 -99 -98 -97 -96 -11 -10 -54 -8 -89 -41 -40 -12 -66 -43 -88 -87 -86 -65 +9 +21 +95 -84 -76 -93 -92 -76 -7 -91 -90 -17 -76 -74 -3 -2 +1 +72 $
>Anc0.Anc0refChr323
-151 $
>Anc0.Anc0refChr120
-153 $
>Anc0.Anc0refChr22
-129 $
>Anc0.Anc0refChr222
+86 $
>Anc0.Anc0refChr51
-115 $
>Anc0.Anc0refChr313
+98 $
>Anc0.Anc0refChr280
-132 -131 $
>Anc0.Anc0refChr307
-110 +105 $
>Anc0.Anc0refChr105
+108 $
>Anc0.Anc0refChr3
-156 $
>Anc0.Anc0refChr59
-164 +165 $
>Anc0.Anc0refChr282
-147 -146 $
>Anc0.Anc0refChr301
+168 $
>Anc0.Anc0refChr46
-130 -150 $
>Anc0.Anc0refChr223
-145 $
>Yersinia_pestis_CO92.Yersinia_pestis_CO92.Chr
+73 +76 +62 +59 -85 +63 +168 +169 +80 +94 +70 +53 +67 -164 -163 -162 -161 +81 +56 +51 +50 -160 -159 -171 -158 -157 -68 +149 +150 +151 +152 +153 +131 +154 +155 +156 -82 +69 +75 +76 -148 -147 -146 -145 -170 -144 -143 -142 -141 -140 -139 -138 -137 -136 -135 -134 -133 -132 -131 -130 +44 -129 -128 -61 +114 +115 +116 +117 -45 -127 +71 -126 -125 +46 -124 -123 +78 +64 +37 +36 -122 -121 +35 +79 +60 +47 +48 +34 +33 +119 +120 -118 +31 +29 +28 +27 -113 +26 +24 +23 +83 -112 +104 +105 +22 +106 +25 +57 +111 -52 -20 -19 -18 -108 -16 -107 -58 +30 -110 +15 -109 -103 -14 -42 -13 -55 -38 -77 -76 -102 -101 -32 -49 -39 -100 -99 -98 -97 -96 -11 -10 -54 -95 -21 -9 +65 +86 +87 -8 -89 -41 -40 -12 -66 -43 -88 -84 -76 -93 -92 -76 -7 -91 -90 -17 -76 -74 -6 -5 -4 -167 -166 -165 -3 -2 +1 +72 $
>Anc0.Anc0refChr220
-144 $
>Anc0.Anc0refChr269
+119 $
>Anc0.Anc0refChr2
-143 $
>Anc0.Anc0refChr295
-122 -121 $
>Anc0.Anc0refChr182
-148 $
>Anc0.Anc0refChr299
-141 $
>Anc0.Anc0refChr28
-112 $
>Anc0.Anc0refChr132
-140 $
>Anc0.Anc0refChr318
-125 $
>Anc0.Anc0refChr211
-139 $
>Anc0.Anc0refChr271
+93 $
>Anc0.Anc0refChr185
+90 $
>Anc0.Anc0refChr50
+106 +95 $
>Anc0.Anc0refChr331
-135 $
>Anc0.Anc0refChr144
-134 $
>Anc0.Anc0refChr96
-161 $
>Anc0.Anc0refChr60
-123 $
>Anc0.Anc0refChr298
-133 $
>Anc0.Anc0refChr213
-152 $
>Anc0.Anc0refChr187
+84 $
>Anc0.Anc0refChr38
+166 $
>Anc0.Anc0refChr172
-113 $
>Anc0.Anc0refChr136
-124 $
>Anc0.Anc0refChr273
-117 $
>Anc0.Anc0refChr25
+107 $
