>G4.DG4_contig_103_1500
+1 $
>G4.DG4_contig_81_1000
+2 $
>G4.DG4_contig_77_10000
+3 $
>G4.DG4_contig_110_1500
+4 $
>G4.DG4_contig_76_10000
+5 $
>G4.DG4_contig_104_1000
+6 $
>G4.DG4_contig_94_15000
+7 +8 +9 $
>G4.DG4_contig_67_1500
+10 $
>G4.DG4_contig_97_45000
+11 +12 +13 +14 +15 $
>G4.DG4_contig_65_10000
+16 $
>G4.DG4_contig_92_20000
+17 +18 +19 $
>G4.DG4_contig_50_15000
+20 +21 $
>G4.DG4_contig_62_15000
+22 +23 $
>G4.DG4_contig_56_10000
+24 +25 $
>G4.DG4_contig_48_10000
+26 +27 +28 +29 $
>G4.DG4_contig_3_5000
+30 $
>G4.DG4_contig_39_10000
+31 +32 +33 $
>G4.DG4_contig_85_100000
+34 +35 +36 +37 +19 +38 +39 +40 +41 +42 +43 +44 +45 +46 +47 +48 $
>G4.DG4_contig_37_45000
+49 +50 +51 +43 +52 +53 +54 +55 +56 +57 $
>G4.DG4_contig_11_150000
+58 +59 +60 +61 +62 +63 +64 +65 +66 +48 +67 +68 +69 +70 +71 $
>G4.DG4_contig_105_100000
+72 +73 +74 +75 +76 +77 +78 +79 +80 +80 +81 +82 +83 +84 +85 +86 +87 +88 $
>G4.DG4_contig_72_150000
+89 +90 +91 +92 +93 +94 +95 +96 +97 +98 +99 +100 +101 +102 +103 +104 +105 +106 +107 +108 +109 +110 +111 +112 +113 $
>G4.DG4_contig_24_20000
+114 +115 $
>G4.DG4_contig_18_15000
+116 +117 $
>G4.DG4_contig_60_1000
+118 $
>G4.DG4_contig_6_50000
+119 +120 +121 +122 +123 $
>G4.DG4_contig_26_100000
+124 +125 +126 +127 +128 +129 +130 +131 +132 +133 +63 +63 +134 +135 +136 +137 +138 $
>G4.DG4_contig_80_50000
+139 +140 +141 +142 +143 +144 +145 $
>G4.DG4_contig_96_100000
+146 +147 +148 +149 +150 +151 +152 +153 +154 +155 +156 +157 +158 +159 $
>G4.DG4_contig_99_45000
+160 +161 +162 +163 +83 +84 +164 $
>G2.G2refChr1
+165 +166 +41 +167 +168 -142 +169 +170 -121 +171 +172 +173 -127 +174 +175 +176 -142 +177 +178 +179 +180 +181 +182 +183 +184 +185 +186 +4 +187 $
>G4.DG4_contig_111_7812
+187 $
>G4.DG4_contig_74_50000
+188 +189 +190 +191 +192 +193 +50 +194 +195 +196 +197 $
>G4.DG4_contig_88_45000
+198 +199 +200 +201 $
>G4.DG4_contig_2_10000
+202 $
>G4.DG4_contig_1_1500
+203 $
>G4.DG4_contig_71_100000
+204 +205 +206 +207 -41 +208 -28 +209 +210 +211 +212 +213 -100 +214 +215 +205 +216 +217 +218 +219 $
>G4.DG4_contig_38_15000
+220 +221 +222 +223 +56 $
>G4.DG4_contig_64_10000
+224 +225 +226 -179 +227 $
>G4.DG4_contig_25_100000
+228 +229 +230 +231 +232 +233 +233 +234 +235 +236 +41 +237 +238 +239 +240 +241 +241 $
>G2.G2refChr3
+16 +242 +10 +243 +244 +245 +246 +247 +248 -98 +249 +250 -63 +251 +252 +253 +254 +255 +223 +256 +257 +258 -41 +259 +260 +261 +262 +263 $
>G4.DG4_contig_69_150000
+260 +261 +262 +263 +264 +83 +84 +265 +266 +267 +268 +269 +270 +271 +272 +273 +274 +93 -254 -252 +275 +276 +277 +142 $
>G4.DG4_contig_4_20000
+278 +279 +280 $
>G4.DG4_contig_79_100000
+281 -63 +282 +83 +84 +283 -109 +284 +162 +285 +286 +287 +288 $
>G4.DG4_contig_102_10000
+289 +290 $
>G2.G2refChr4
+291 +292 +293 +294 -88 -87 -86 -85 -84 -83 -82 -81 -80 -80 -79 -78 -77 -76 -75 -74 -73 -72 -6 -1 -290 -289 +295 +296 +297 -164 -84 -83 -163 -162 -161 -160 +298 -84 -83 +299 +300 +301 +302 +303 +304 +305 +306 +219 +307 +308 +309 +310 +229 +311 -35 +312 -238 +313 -41 +314 +315 +316 +317 +318 +319 +320 +90 +315 +321 +322 +319 +323 +324 +325 +326 +327 +328 +49 +50 +51 +43 +52 +53 +54 +55 +56 +57 +220 +221 +222 +223 +56 +31 +32 +33 +83 +84 +329 -41 +330 +93 +331 +219 +332 +333 +334 -192 +335 +336 +337 +338 -32 +339 +340 +341 +219 +342 +343 +231 -104 +344 +151 +345 +53 +346 +347 +348 -157 +349 +350 +351 +352 +111 +353 +97 -46 -48 -47 -46 -45 -44 -43 -42 -41 -40 -39 -38 -19 -37 -36 -35 -34 -147 +354 +63 +355 +356 +357 +358 +359 +360 +361 +362 +363 -48 +364 +365 +366 +367 +368 +369 -144 -2 -145 -144 -143 -142 -141 -140 -139 -288 -287 -286 -285 -162 -284 +109 -283 -84 -83 -282 +63 -281 +12 +370 +371 $
>G4.DG4_contig_5_100000
+372 +373 -315 +374 +375 -84 -83 +376 +377 +378 +379 $
>G4.DG4_contig_61_50000
+380 +381 +382 +383 +384 $
>G4.DG4_contig_51_1500
+385 $
>G4.DG4_contig_108_150000
+165 +166 +41 +167 +168 -142 +169 +170 -121 +171 +172 +173 -127 +174 +175 +176 -142 +177 +178 +179 +180 $
>G4.DG4_contig_30_15000
+386 +387 +388 $
>G4.DG4_contig_20_10000
+195 +389 $
>G4.DG4_contig_68_150000
+243 +244 +245 +246 +247 +248 -98 +249 +250 -63 +251 +252 +253 +254 +255 +223 +256 +257 +258 -41 +259 $
>G4.DG4_contig_54_5000
+390 +378 +391 $
>G4.DG4_contig_41_150000
+329 -41 +330 +93 +331 +219 +332 +333 +334 -192 +335 +336 +337 +338 -32 +339 +340 +341 +219 +342 +343 +231 -104 +344 +151 +345 +53 +346 +347 +348 -157 +349 +350 $
>G4.DG4_contig_95_5000
+392 $
>G4.DG4_contig_55_50000
+393 -41 +394 -333 +395 +396 +397 $
>G4.DG4_contig_63_50000
+398 +399 +400 -295 +401 +402 $
>G4.DG4_contig_0_100000
+403 +404 +405 +406 -59 +407 +408 +409 +410 +411 +412 +413 -286 +414 +415 -231 +416 -32 +417 $
>G2.G2refChr5
+397 +418 +24 +25 +419 +420 +102 +421 +422 +423 -195 +424 -325 +118 +380 +381 +382 +383 +384 +22 +23 -362 +398 +399 +400 -295 +401 +402 +224 +225 +226 -179 +227 +61 +62 +63 +64 +65 +66 +48 +67 +68 +69 +70 +71 +425 +426 +427 +428 +429 +430 +431 +432 -59 +433 -181 +434 +435 +436 +437 +438 -225 +439 +440 +441 +442 +443 +302 +135 +444 -381 +445 +446 +447 +186 +448 +449 +304 +450 +451 +452 +453 +454 +455 +456 +457 +265 +458 +459 +460 -154 +461 -132 -131 +462 +116 +117 +271 -142 +463 +464 +465 +87 +195 +389 +466 +467 +468 +469 +470 +471 +472 +473 +474 +340 +475 -190 +476 +215 +114 +115 +228 +229 +230 +231 +232 +233 +233 +234 +235 +236 +41 +237 +238 +239 +240 +241 +241 +124 +125 +126 +127 +128 +129 +130 +131 +132 +133 +63 +63 +134 +135 +136 +137 +138 -221 +477 +137 +386 +387 +388 +225 +478 +479 +480 +480 +481 $
>G4.DG4_contig_7_45000
+482 -309 +483 +484 +485 +486 +487 $
>G4.DG4_contig_70_45000
+488 -59 +489 +412 +490 +491 +492 +493 +493 $
>G4.DG4_contig_57_1000
+419 $
>G4.DG4_contig_73_15000
+494 +446 +495 $
>G4.DG4_contig_46_20000
-427 +496 $
>G4.DG4_contig_49_150000
+497 +497 +498 -410 +499 +411 +412 +500 +501 +502 +503 +504 +505 +504 +506 +507 +508 +509 -59 +510 +511 +512 +206 +513 +514 $
>G2.G2refChr6
+515 +508 +516 -15 -14 -13 -12 -11 -159 -158 -157 -156 -155 -154 -153 -152 -151 -150 -149 -148 -147 -146 -392 +517 -9 -8 -7 -19 -18 -17 +518 +519 +19 +38 -387 +520 +521 +522 +523 +524 +525 +526 -496 -85 +527 +428 +528 +529 -201 -200 -199 -198 +530 +531 -431 +48 +532 +9 -517 +533 +77 +534 +19 +535 +536 +537 -176 +151 +538 -356 -528 -428 -427 +496 -525 +539 -455 +540 +418 +541 +542 +323 +318 +543 +544 +545 +546 +547 +548 +26 +27 +28 +29 +497 +497 +498 -410 +499 +411 +412 +500 +501 +502 +503 +504 +505 +504 +506 +507 +508 +509 -59 +510 +511 +512 +206 +513 +514 +20 +21 +385 +549 +390 +378 +391 +393 -41 +394 -333 +395 +396 $
>G4.DG4_contig_12_100000
+425 +426 +427 +428 +429 +430 +431 +432 -59 +433 -181 +434 +435 +436 $
>G4.DG4_contig_86_100000
+46 -97 -353 -111 -352 -351 -535 -19 -534 -77 -533 +517 -9 -532 -48 +431 -531 $
>G2.G2refChr2
+264 +83 +84 +265 +266 +267 +268 +269 +270 +271 +272 +273 +274 +93 -254 -252 +275 +276 +277 +142 +488 -59 +489 +412 +490 +491 +492 +493 +493 -336 +204 +205 +206 +207 -41 +208 -28 +209 +210 +211 +212 +213 -100 +214 +215 +205 +216 +217 +218 +219 +89 +90 +91 +92 +93 +94 +95 +96 +97 +98 +99 +100 +101 +102 +103 +104 +105 +106 +107 +108 +109 +110 +111 +112 +113 +358 +494 +446 +495 +550 +437 +551 +552 +553 +554 -3 -5 +555 -333 +556 +557 +558 +559 +558 -126 +560 +336 +69 +561 +205 -470 +453 +206 +37 +562 +563 +53 +564 +484 +565 +566 +567 -197 -196 -195 -194 -50 -193 -192 -191 -190 -189 -188 $
>G4.DG4_contig_100_1000
-297 $
>G4.DG4_contig_19_10000
+463 +464 +465 $
>G4.DG4_contig_101_10000
-296 -295 $
>G4.DG4_contig_23_100000
+467 +468 +469 +470 +471 +472 +473 +474 +340 +475 -190 +476 $
>G2.G2refChr0
+403 +404 +405 +406 -59 +407 +408 +409 +410 +411 +412 +413 -286 +414 +415 -231 +416 -32 +417 +203 +202 +30 +278 +279 +280 +372 +373 -315 +374 +375 -84 -83 +376 +377 +378 +379 +119 +120 +121 +122 +123 +482 -309 +483 +484 +485 +486 +487 +568 +569 +58 +59 +60 $
>G4.DG4_contig_66_5000
+242 $
>G4.DG4_contig_89_50000
-529 -528 -428 -527 +85 +496 -526 -525 -524 -523 -522 $
>G4.DG4_contig_78_45000
-554 -553 -552 -551 -437 -550 -371 -370 $
>G4.DG4_contig_35_45000
+314 +315 +316 +317 +318 +319 +320 +90 +315 +321 $
>G4.DG4_contig_106_1000
-294 $
>G4.DG4_contig_87_1000
-530 $
>G4.DG4_contig_16_50000
+457 +265 +458 +459 +460 -154 +461 -132 $
>G4.DG4_contig_75_100000
-567 -566 -565 -484 -564 -53 -563 -562 -37 -206 -453 +470 -205 -561 -69 -336 -560 +126 -558 -559 -558 -557 -556 +333 -555 $
>G4.DG4_contig_42_20000
+536 +537 -176 $
>G4.DG4_contig_31_50000
+225 +478 +479 +480 +480 +481 -83 +299 +300 $
>G4.DG4_contig_91_5000
-518 $
>G4.DG4_contig_8_5000
+568 $
>G4.DG4_contig_98_20000
-516 -508 -515 +84 -298 $
>G4.DG4_contig_59_20000
+422 +423 -195 +424 $
>G5.EG5
+403 +404 +405 +406 -59 +407 +408 +409 +410 +411 +412 +413 -286 +414 +415 -231 +416 -32 +417 +203 +202 +30 +278 +279 +280 +372 +373 -315 +374 +375 -84 -83 +376 +377 +378 +379 +119 +120 +121 +122 +123 +482 -309 +483 +484 +485 +486 +487 +568 +569 +58 +59 +60 +61 +62 +63 +64 +65 +66 +48 +67 +68 +69 +70 +71 +425 +426 +427 +428 +429 +430 +431 +432 -59 +433 -181 +434 +435 +436 +437 +438 -225 +439 +440 +441 +442 +443 +302 +135 +444 -381 +445 +446 +447 +186 +448 +449 +304 +450 +451 +452 +453 +454 +455 +456 +457 +265 +458 +459 +460 -154 +461 -132 -131 +462 +116 +117 +271 -142 +463 +464 +465 +87 +195 +389 +466 +467 +468 +469 +470 +471 +472 +473 +474 +340 +475 -190 +476 +215 +114 +115 +228 +229 +230 +231 +232 +233 +233 +234 +235 +236 +41 +237 +238 +239 +240 +241 +241 +124 +125 +126 +127 +128 +129 +130 +131 +132 +133 +63 +63 +134 +135 +136 +137 +138 -221 +477 +137 +386 +387 +388 +225 +478 +479 +480 +480 +481 -396 -395 +333 -394 +41 -393 -391 -378 -390 -549 -385 -21 -20 -514 -513 -206 -512 -511 -510 +59 -509 -508 -507 -506 -504 -505 -504 -503 -502 -501 -500 -412 -411 -499 +410 -498 -497 -497 -29 -28 -27 -26 -548 -547 -546 -545 -544 -543 -318 -323 -542 -541 -418 -540 +455 -539 +525 -496 +427 +428 +528 +356 -538 -151 +176 -537 -536 -535 -19 -534 -77 -533 +517 -9 -532 -48 +431 -531 -530 +198 +199 +200 +201 -529 -528 -428 -527 +85 +496 -526 -525 -524 -523 -522 -521 -520 +387 -38 -19 -519 -518 +17 +18 +19 +7 +8 +9 -517 +392 +146 +147 +148 +149 +150 +151 +152 +153 +154 +155 +156 +157 +158 +159 +11 +12 +13 +14 +15 -516 -508 -515 +397 +418 +24 +25 +419 +420 +102 +421 +422 +423 -195 +424 -325 +118 +380 +381 +382 +383 +384 +22 +23 -362 +398 +399 +400 -295 +401 +402 +224 +225 +226 -179 +227 +16 +242 +10 +243 +244 +245 +246 +247 +248 -98 +249 +250 -63 +251 +252 +253 +254 +255 +223 +256 +257 +258 -41 +259 +260 +261 +262 +263 +368 +369 -144 -2 -145 -144 -143 -142 -141 -140 -139 -288 -287 -286 -285 -162 -284 +109 -283 -84 -83 -282 +63 -281 +12 +370 +371 +188 +189 +190 +191 +192 +193 +50 +194 +195 +196 +197 -567 -566 -565 -484 -564 -53 -563 -562 -37 -206 -453 +470 -205 -561 -69 -336 -560 +126 -558 -559 -558 -557 -556 +333 -555 +5 +3 -554 -553 -552 -551 -437 -550 -495 -446 -494 -358 -113 -112 -111 -110 -109 -108 -107 -106 -105 -104 -103 -102 -101 -100 -99 -98 -97 -96 -95 -94 -93 -92 -91 -90 -89 -219 -218 -217 -216 -205 -215 -214 +100 -213 -212 -211 -210 -209 +28 -208 +41 -207 -206 -205 -204 +336 -493 -493 -492 -491 -490 -412 -489 +59 -488 -142 -277 -276 -275 +252 +254 -93 -274 -273 -272 -271 -270 -269 -268 -267 -266 -265 -84 -83 -264 -367 -366 -365 -364 +48 -363 -362 -361 -360 -359 -358 -357 -356 -355 -63 -354 +147 +34 +35 +36 +37 +19 +38 +39 +40 +41 +42 +43 +44 +45 +46 +47 +48 +46 -97 -353 -111 -352 -351 -350 -349 +157 -348 -347 -346 -53 -345 -151 -344 +104 -231 -343 -342 -219 -341 -340 -339 +32 -338 -337 -336 -335 +192 -334 -333 -332 -219 -331 -93 -330 +41 -329 -84 -83 -33 -32 -31 -56 -223 -222 -221 -220 -57 -56 -55 +291 +292 +293 +294 -88 -87 -86 -85 -84 -83 -82 -81 -80 -80 -79 -78 -77 -76 -75 -74 -73 -72 -6 -1 -290 -289 +295 +296 +297 -164 -84 -83 -163 -162 -161 -160 +298 -84 -83 +299 +300 +301 +302 +303 +304 +305 +306 +219 +307 +308 +309 +310 +229 +311 -35 +312 -238 +313 -41 +314 +315 +316 +317 +318 +319 +320 +90 +315 +321 +322 +319 +323 +324 +325 +326 +327 +328 +49 +50 +51 +43 +52 +53 +54 +165 +166 +41 +167 +168 -142 +169 +170 -121 +171 +172 +173 -127 +174 +175 +176 -142 +177 +178 +179 +180 +181 +182 +183 +184 +185 +186 +4 +187 $
>G4.DG4_contig_84_50000
-364 +48 -363 -362 -361 -360 -359 -358 -357 -356 -355 -63 -354 $
>G4.DG4_contig_47_100000
+539 -455 +540 +418 +541 +542 +323 +318 +543 +544 +545 +546 +547 +548 $
>G4.DG4_contig_107_20000
-293 -292 -291 $
>G4.DG4_contig_15_150000
+440 +441 +442 +443 +302 +135 +444 -381 +445 +446 +447 +186 +448 +449 +304 +450 +451 +452 +453 +454 +455 +456 $
>G4.DG4_contig_90_45000
-521 -520 +387 -38 -19 -519 $
>G4.DG4_contig_22_1000
+466 $
>G4.DG4_contig_43_15000
+538 $
>G4.DG4_contig_109_45000
+182 +183 +184 +185 $
>G4.DG4_contig_33_20000
+308 +309 +310 +229 +311 -35 +312 -238 +313 $
>G4.DG4_contig_52_10000
+549 $
>G4.DG4_contig_58_15000
+420 +102 +421 $
>G3.CG3
+403 +404 +405 +406 -59 +407 +408 +409 +410 +411 +412 +413 -286 +414 +415 -231 +416 -32 +417 +203 +202 +30 +278 +279 +280 +372 +373 -315 +374 +375 -84 -83 +376 +377 +378 +379 +119 +120 +121 +122 +123 +482 -309 +483 +484 +485 +486 +487 +568 +569 +58 +59 +60 +16 +242 +10 +243 +244 +245 +246 +247 +248 -98 +249 +250 -63 +251 +252 +253 +254 +255 +223 +256 +257 +258 -41 +259 +260 +261 +262 +263 +264 +83 +84 +265 +266 +267 +268 +269 +270 +271 +272 +273 +274 +93 -254 -252 +275 +276 +277 +142 +488 -59 +489 +412 +490 +491 +492 +493 +493 -336 +204 +205 +206 +207 -41 +208 -28 +209 +210 +211 +212 +213 -100 +214 +215 +205 +216 +217 +218 +219 +89 +90 +91 +92 +93 +94 +95 +96 +97 +98 +99 +100 +101 +102 +103 +104 +105 +106 +107 +108 +109 +110 +111 +112 +113 +358 +494 +446 +495 +188 +189 +190 +191 +192 +193 +50 +194 +195 +196 +197 -567 -566 -565 -484 -564 -53 -563 -562 -37 -206 -453 +470 -205 -561 -69 -336 -560 +126 -558 -559 -558 -557 -556 +333 -555 +5 +3 -554 -553 -552 -551 -437 -550 +17 +18 +19 +7 +8 +9 -517 +392 +146 +147 +148 +149 +150 +151 +152 +153 +154 +155 +156 +157 +158 +159 +11 +12 +13 +14 +15 -516 -508 -515 -481 -480 -480 -479 -478 -225 -388 -387 -386 -137 -477 +221 -138 -137 -136 -135 -134 -63 -63 -133 -132 -131 -130 -129 -128 -127 -126 -125 -124 -241 -241 -240 -239 -238 -237 -41 -236 -235 -234 -233 -233 -232 -231 -230 -229 -228 -115 -114 -215 -476 +190 -475 -340 -474 -473 -472 -471 -470 -469 -468 -467 -466 -389 -195 -87 -465 -464 -463 +142 -271 -117 -116 -462 +131 +132 -461 +154 -460 -459 -458 -265 -457 -456 -455 -454 -453 -452 -451 -450 -304 -449 -448 -186 -447 -446 -445 +381 -444 -135 -302 -443 -442 -441 -440 -439 +225 -438 -437 -436 -435 -434 +181 -433 +59 -432 -431 -430 -429 -428 -427 -426 -425 -71 -70 -69 -68 -67 -48 -66 -65 -64 -63 -62 -61 -227 +179 -226 -225 -224 -402 -401 +295 -400 -399 -398 +362 -23 -22 -384 -383 -382 -381 -380 -118 +325 -424 +195 -423 -422 -421 -102 -420 -419 -25 -24 -418 -397 -396 -395 +333 -394 +41 -393 -391 -378 -390 -549 -385 -21 -20 -514 -513 -206 -512 -511 -510 +59 -509 -508 -507 -506 -504 -505 -504 -503 -502 -501 -500 -412 -411 -499 +410 -498 -497 -497 -29 -28 -27 -26 -548 -547 -546 -545 -544 -543 -318 -323 -542 -541 -418 -540 +455 -539 +525 -496 +427 +428 +528 +356 -538 -151 +176 -537 -536 -535 -19 -534 -77 -533 +517 -9 -532 -48 +431 -531 -530 +198 +199 +200 +201 -529 -528 -428 -527 +85 +496 -526 -525 -524 -523 -522 -521 -520 +387 -38 -19 -519 -518 -371 -370 -12 +281 -63 +282 +83 +84 +283 -109 +284 +162 +285 +286 +287 +288 +139 +140 +141 +142 +143 +144 +145 +2 +144 -369 -368 -367 -366 -365 -364 +48 -363 -362 -361 -360 -359 -358 -357 -356 -355 -63 -354 +147 +34 +35 +36 +37 +19 +38 +39 +40 +41 +42 +43 +44 +45 +46 +47 +48 +46 -97 -353 -111 -352 -351 -350 -349 +157 -348 -347 -346 -53 -345 -151 -344 +104 -231 -343 -342 -219 -341 -340 -339 +32 -338 -337 -336 -335 +192 -334 -333 -332 -219 -331 -93 -330 +41 -329 -84 -83 -33 -32 -31 -56 -223 -222 -221 -220 -57 -56 -55 -54 -53 -52 -43 -51 -50 -49 -328 -327 -326 -325 -324 -323 -319 -322 -321 -315 -90 -320 -319 -318 -317 -316 -315 -314 +41 -313 +238 -312 +35 -311 -229 -310 -309 -308 -307 -219 -306 -305 -304 -303 -302 -301 -300 -299 +83 +84 -298 +160 +161 +162 +163 +83 +84 +164 -297 -296 -295 +289 +290 +1 +6 +72 +73 +74 +75 +76 +77 +78 +79 +80 +80 +81 +82 +83 +84 +85 +86 +87 +88 -294 -293 -292 -291 +165 +166 +41 +167 +168 -142 +169 +170 -121 +171 +172 +173 -127 +174 +175 +176 -142 +177 +178 +179 +180 +181 +182 +183 +184 +185 +186 +4 +187 $
>G4.DG4_contig_9_1000
+569 $
>G4.DG4_contig_36_45000
+322 +319 +323 +324 +325 +326 +327 +328 $
>G4.DG4_contig_32_50000
+301 +302 +303 +304 +305 +306 +219 +307 $
>G4.DG4_contig_83_50000
+144 -369 -368 -367 -366 -365 $
>G4.DG4_contig_14_20000
+437 +438 -225 +439 $
>G4.DG4_contig_17_1500
+462 $
>G4.DG4_contig_34_1500
-41 $
>G4.DG4_contig_28_1000
+477 $
