>Anc0.Anc0refChr133
+1 $
>Anc0.Anc0refChr266
+2 $
>Anc0.Anc0refChr302
+3 $
>Anc0.Anc0refChr124
+4 $
>Anc0.Anc0refChr274
+5 $
>Anc0.Anc0refChr27
+6 $
>Anc0.Anc0refChr30
+7 $
>Anc0.Anc0refChr107
+8 $
>Anc0.Anc0refChr87
+9 $
>Anc0.Anc0refChr179
+10 $
>Anc0.Anc0refChr283
+11 $
>Anc0.Anc0refChr91
+12 $
>Anc0.Anc0refChr93
+13 $
>Anc0.Anc0refChr138
+14 $
>Anc0.Anc0refChr265
+15 $
>Anc0.Anc0refChr228
+16 $
>Anc0.Anc0refChr57
+17 $
>Anc0.Anc0refChr210
+18 $
>Anc0.Anc0refChr14
+19 $
>Anc0.Anc0refChr264
+20 +21 +22 $
>Anc0.Anc0refChr89
+23 $
>Anc0.Anc0refChr305
+24 $
>Anc0.Anc0refChr209
+25 $
>Anc0.Anc0refChr311
+26 $
>Anc0.Anc0refChr111
+27 +28 $
>Anc0.Anc0refChr206
+29 $
>Anc0.Anc0refChr194
+30 $
>Anc0.Anc0refChr1
+31 $
>Anc0.Anc0refChr84
+32 $
>Anc0.Anc0refChr62
+33 $
>Anc0.Anc0refChr287
+34 $
>Anc0.Anc0refChr226
+35 +36 +37 $
>Anc0.Anc0refChr4
+38 +39 +40 $
>Anc0.Anc0refChr102
+41 +42 +43 $
>Anc0.Anc0refChr310
+44 $
>Anc0.Anc0refChr6
+45 +46 +47 $
>Anc0.Anc0refChr82
+48 $
>Anc0.Anc0refChr285
+49 $
>Anc0.Anc0refChr294
+50 $
>Anc0.Anc0refChr281
+51 $
>Anc0.Anc0refChr29
+52 $
>Anc0.Anc0refChr119
+53 $
>Anc0.Anc0refChr117
+54 $
>Anc0.Anc0refChr291
+55 $
>Anc0.Anc0refChr292
+56 $
>Anc0.Anc0refChr115
+57 $
>Anc0.Anc0refChr112
+58 +59 +60 $
>Anc0.Anc0refChr190
+61 $
>Anc0.Anc0refChr23
+62 $
>Anc0.Anc0refChr225
+63 $
>Anc0.Anc0refChr137
+64 $
>Anc0.Anc0refChr224
+65 +66 +67 $
>Anc0.Anc0refChr88
+68 +69 +70 $
>Anc0.Anc0refChr188
+71 $
>Anc0.Anc0refChr171
+72 +73 +74 $
>Anc0.Anc0refChr189
+75 +76 $
>Anc0.Anc0refChr193
+77 $
>Anc0.Anc0refChr83
+78 $
>Anc0.Anc0refChr286
+79 +80 $
>Anc0.Anc0refChr71
+81 $
>Anc0.Anc0refChr12
+82 $
>Anc0.Anc0refChr175
+83 $
>Anc0.Anc0refChr101
+84 +85 $
>Anc0.Anc0refChr34
+86 +87 $
>Anc0.Anc0refChr48
+88 +89 $
>Anc0.Anc0refChr11
+90 $
>Anc0.Anc0refChr330
+91 $
>Anc0.Anc0refChr181
+92 $
>Anc0.Anc0refChr39
+93 +94 +95 $
>Anc0.Anc0refChr26
+96 $
>Anc0.Anc0refChr289
+97 +98 +99 $
>Anc0.Anc0refChr221
+100 +101 +102 +103 $
>Anc0.Anc0refChr131
+104 +105 +106 $
>Anc0.Anc0refChr10
+107 +108 +109 +110 +111 +112 $
>Anc0.Anc0refChr186
+113 +114 +115 $
>Anc0.Anc0refChr321
+116 +117 +118 $
>Anc0.Anc0refChr7
+119 +120 +121 +122 +123 +124 $
>Anc0.Anc0refChr116
+125 $
>Anc0.Anc0refChr81
+126 +127 $
>Anc0.Anc0refChr324
+128 +129 +130 $
>Anc0.Anc0refChr86
+131 $
>Anc0.Anc0refChr33
+132 $
>Anc0.Anc0refChr130
+133 +134 +135 +136 +137 +138 +139 +140 +141 +142 +143 $
>Anc0.Anc0refChr277
+144 +145 +146 $
>Anc0.Anc0refChr110
+147 +148 $
>Anc0.Anc0refChr64
+149 $
>Anc0.Anc0refChr109
+150 $
>Anc0.Anc0refChr312
+151 $
>Anc0.Anc0refChr40
+152 $
>Anc0.Anc0refChr129
+153 $
>Anc0.Anc0refChr17
+154 +155 +156 +157 +158 $
>Anc0.Anc0refChr75
+159 +160 $
>Anc0.Anc0refChr68
+161 +162 +163 $
>Anc0.Anc0refChr69
+164 $
>Anc0.Anc0refChr314
+165 +166 +167 $
>Anc0.Anc0refChr53
+168 $
>Anc0.Anc0refChr77
+169 +170 +171 +172 +173 $
>Anc0.Anc0refChr290
+174 +175 +176 +177 +178 $
>Anc0.Anc0refChr125
+179 +180 +181 $
>Anc0.Anc0refChr32
+182 +183 +184 $
>Anc0.Anc0refChr16
+185 $
>Anc0.Anc0refChr320
+186 $
>Anc0.Anc0refChr24
+187 +188 $
>Anc0.Anc0refChr135
+189 +190 +191 +192 +193 $
>Anc0.Anc0refChr267
+194 $
>Anc0.Anc0refChr67
+195 $
>Anc0.Anc0refChr13
+196 +197 +198 $
>Anc0.Anc0refChr272
+199 +200 +201 $
>Anc0.Anc0refChr329
+202 $
>Anc0.Anc0refChr19
+203 $
>Anc0.Anc0refChr217
+204 $
>Anc0.Anc0refChr170
+205 $
>Anc0.Anc0refChr100
+206 +207 +208 +209 +210 +211 +212 +213 $
>Anc0.Anc0refChr123
+214 $
>Anc0.Anc0refChr73
+215 $
>Anc0.Anc0refChr270
+216 +217 +218 +219 $
>Yersinia_pestis_KIM_10.Yersinia_pestis_KIM_10.Chr
+193 +197 +220 +211 +221 +222 +223 +224 -211 +165 +166 +167 +225 +225 +226 +227 +228 +229 +88 +229 +88 +89 +168 +29 +20 +21 +22 +84 +85 +230 +231 +12 +13 +230 +232 +233 +14 +234 -211 +235 +159 +160 -234 +194 +197 +10 +236 +9 +209 +41 +42 +43 -155 +237 +238 +239 +240 +241 +242 +243 +244 +245 +246 +152 -211 +11 +247 +197 +92 -211 +248 +249 +250 +251 +252 +253 +143 +197 +211 +254 +255 +256 +257 +182 +183 +183 +184 +119 +120 +121 +122 +123 +124 +166 +169 +170 +171 +172 +173 +211 +15 +50 +258 +234 +24 +126 +127 +259 +131 +260 +16 -36 +261 +17 +195 +211 +18 -240 +262 +263 +264 +265 +225 +266 +267 +268 +82 +102 +103 +269 +19 +21 +23 +270 +68 +69 +70 +271 +272 +273 +187 +211 +188 +25 -233 +197 +198 +211 +79 +80 +133 +134 +135 +136 +137 +138 +139 +140 -211 +141 +142 +26 +87 -259 -127 +48 -172 +27 +28 +59 +274 +30 +46 +47 +211 +49 +155 +275 +276 +276 +277 +278 +279 +280 +281 +282 +283 +211 +51 +284 +285 +286 +56 +55 +287 +170 +147 +148 +288 +86 +289 -211 +290 +291 +35 +36 +37 +39 +38 +39 +40 +292 +189 +155 +293 +294 +294 +295 +44 -191 +296 +45 +46 -31 +297 +298 +299 +300 -259 +301 -223 -32 +302 +303 +304 +305 +306 -69 +307 -64 -233 -205 -155 -149 -33 +308 +309 -34 -211 +310 -115 -114 -113 +155 -52 +311 +219 +312 -218 -217 -216 +211 -53 -54 +129 +116 +117 +118 +186 +313 +186 -57 -60 -59 -58 +314 +315 +155 +316 -155 -154 +317 +297 +155 +318 +319 -215 -120 -181 -180 -180 -179 +320 +321 +211 -95 -94 -93 -245 -203 +322 +323 +155 -61 -62 -273 -63 -176 -67 -66 +211 -65 +324 +325 +326 -229 +327 +211 +328 -260 +329 -155 +330 +270 +331 +332 +333 +334 +335 +336 +337 +338 +339 +340 -211 -71 -155 -74 -73 -72 +155 -99 -98 -155 -97 +211 -153 -134 -202 -76 -76 -75 -155 +341 +342 +343 +344 -77 -302 -78 +80 -164 -162 -81 -200 -201 -200 -199 +211 +345 -83 -155 +346 -96 -132 +257 +347 +348 +349 +350 +351 +352 +353 +354 +355 -255 +356 +357 -185 -240 +358 +211 +359 -155 +360 -155 +361 -269 +362 +363 +363 +364 -357 +365 -252 +155 -91 +366 +367 +368 +369 +368 +370 +233 +371 +372 +373 +374 -211 -114 +375 -342 +376 -211 +377 +233 +378 +304 +379 +380 +280 +281 +381 +382 +383 -90 +384 +342 +385 -111 +386 +387 -342 +388 +389 +390 +391 -273 +392 +393 +394 +395 +396 -211 +397 -197 -196 -102 -101 -100 -178 -211 -177 -176 -175 -174 +211 +398 +399 -322 +400 +299 +401 +236 +402 -151 +403 +404 +405 +406 +407 -242 +408 -320 +409 +410 +411 -214 +369 +368 -214 +412 +368 +370 +233 +371 +413 +414 +234 +415 +416 +417 +417 +417 +417 -213 -212 -211 +418 -162 +419 -163 -162 -161 -162 +420 -120 -120 +421 -230 +422 +423 +424 -234 +425 +426 +350 +427 +352 +428 -257 +429 -288 +430 +348 +431 -106 -105 -104 -145 -112 -111 -110 -109 -108 -107 -117 -125 -186 -118 -117 -116 -130 -129 -128 -146 -145 -144 -211 -210 -209 -208 -207 -206 +432 +433 +233 +434 -309 -308 +435 -292 +436 +437 +438 +439 -211 -150 +288 -158 -157 -156 -155 -197 -211 +440 +94 +441 -42 +442 +5 -217 +6 +312 +7 -354 +8 -234 +443 +444 -267 +445 -344 +446 +249 +204 +211 -137 -404 +406 +234 -4 -3 +234 +2 -109 +1 +189 +190 +191 +192 $
>Anc0.Anc0refChr309
-436 +292 -435 +308 +309 -434 $
>Anc0.Anc0refChr127
-405 -404 -403 $
>Anc0.Anc0refChr316
-424 $
>Yersinia_pestis_Nepal516.Yersinia_pestis_Nepal516.Chr
+193 +197 +220 -234 +194 +197 +10 +236 +9 +209 +41 +42 +43 -155 +237 +238 +239 +240 +241 +242 +243 +244 +245 +246 +152 -211 +11 +247 +197 +92 -211 +248 +249 +250 +251 +252 +253 +143 +197 +155 +156 +157 +158 -288 +150 +211 -439 -438 -437 -436 +292 -435 +308 +309 -434 -233 -433 -432 +206 +207 +208 +209 +210 +211 +144 +145 +146 +128 +129 +130 +116 +117 +107 +108 +109 +110 +111 +112 +145 +104 +105 +106 -431 -348 -430 +288 -429 +257 -428 -352 -427 -350 -426 -425 +234 +24 +126 +127 +259 +131 +260 +16 -36 +261 +17 +195 +211 +18 -240 +262 +263 +264 +265 +225 +266 +267 +268 +82 +102 +103 +269 +19 +21 +23 +270 +68 +69 +70 +271 -211 +272 +273 +187 +188 +25 -233 +197 +198 +79 +80 +133 +134 +135 +136 +137 +138 +139 +139 +140 +141 +211 +142 +26 +87 -259 -127 +48 -172 +27 +28 +59 -155 +274 +30 +46 +47 +211 +49 +155 +275 +276 +276 +277 +278 +279 +280 +281 +282 +283 +211 +51 +284 +285 +286 +56 +55 +287 +170 +147 +148 +288 +86 +289 +211 +290 +291 +35 +36 +37 +39 +38 +39 +40 +292 +189 +155 +293 +294 +294 +295 +44 -191 +296 +45 +46 -31 +297 +298 +299 +300 -259 +301 -223 -32 +302 +303 +304 +305 +306 -69 +307 -64 -233 -205 -155 -149 -33 +308 +309 -34 -211 -341 +155 +75 +76 +76 +202 +134 +153 -211 +97 +155 +98 +99 -155 +72 +73 +74 +155 +71 +211 +328 -260 +329 -155 +330 +270 +331 -155 +332 +334 +335 +336 +337 +338 +339 +155 +340 -327 +229 -326 -325 -324 +447 -229 +65 -211 +66 +67 +176 +63 +273 +62 +61 -155 +155 -323 -322 +203 +245 +93 +94 +95 -211 -321 -320 +179 +180 +180 +181 +120 +215 -319 -318 -155 -297 -317 +154 +155 -316 -155 -315 -314 +58 +59 +60 +57 -186 -313 -186 -118 -117 -116 -129 +54 +53 -211 +216 +217 +218 +219 +312 -311 +52 -155 +113 +114 +115 -310 +211 +345 -83 -155 +346 -96 -132 +257 +347 +348 +349 +350 +351 +352 +353 +354 +355 -255 +356 +357 -185 -240 +358 +211 +359 -155 +360 -155 +361 -269 +362 +363 +363 +364 -357 +365 -252 +155 -91 +366 +367 +368 +369 +368 +370 +233 +371 +372 +373 +374 -211 -114 +375 -342 +376 -211 +377 +233 +378 +304 +379 +380 +280 +281 +381 +382 +383 -90 +384 +342 +385 -111 +386 +387 -342 +388 +389 +238 -155 +238 +324 +448 +390 +391 -273 +392 +393 +394 +395 +396 -211 +397 -197 -196 -102 -101 -207 -100 -178 -177 -176 -175 -174 +211 +398 +399 -322 +400 +299 +401 +236 +402 -151 +403 +404 +405 +406 +407 -242 +408 -320 +409 +410 +411 -214 +369 +368 -214 +412 +368 +370 +233 +371 +413 +414 +234 -424 -423 -422 +230 -421 +120 +120 -420 +162 +161 +162 +163 -419 +162 -418 +211 +212 +213 -417 -417 -417 -417 -416 -415 -234 -258 -50 -15 -211 -173 -172 -171 -170 -169 -166 -124 -123 -122 -121 -120 -119 -184 -183 -183 -182 -257 -256 -255 -254 -211 -197 -211 +165 +166 +167 +225 +225 +226 +227 +228 +229 +88 +229 +88 +89 +168 +29 +20 +21 +22 +84 +85 +230 +231 +12 +13 +230 +232 +233 +14 +234 -8 +354 -7 -312 -6 +217 -5 -442 +42 -441 -94 -440 +211 -137 -404 +406 +234 -4 -3 +234 -160 -159 -235 +221 +222 +223 +224 -211 -204 -249 -446 +344 -445 +267 -444 +211 -443 +234 +2 -109 +1 +189 +190 +191 +192 $
>Anc0.Anc0refChr263
+250 $
>Anc0.Anc0refChr268
+254 $
>Anc0.Anc0refChr21
-356 +255 -355 -354 -353 $
>Anc0.Anc0refChr42
+271 $
>Anc0.Anc0refChr183
+330 +270 +331 +332 +333 +334 +335 +336 +337 +338 +339 +340 -327 $
>Anc0.Anc0refChr215
-383 -382 $
>Anc0.Anc0refChr176
-360 $
>Anc0.Anc0refChr76
+265 +225 +266 +267 +268 $
>Anc0.Anc0refChr37
-437 $
>Anc0.Anc0refChr63
-431 -348 -430 +288 -429 +257 -428 -352 -427 $
>Anc0.Anc0refChr54
-366 $
>Anc0.Anc0refChr195
+445 -344 +446 +249 $
>Anc0.Anc0refChr297
-387 $
>Anc0.Anc0refChr126
+243 $
>Anc0.Anc0refChr293
+278 +279 +280 +281 +282 $
>Yersinia_pestis_Antiqua.Yersinia_pestis_Antiqua.Chr
+193 +197 +220 -234 -258 -50 -15 +194 +197 +10 +236 +9 +209 +41 +42 +43 -155 +237 +238 +239 +240 +241 +242 +243 +244 +245 +246 +152 -211 +160 -234 -414 -413 -371 -233 -370 -368 -412 +214 -368 -369 +214 -411 -410 -409 +320 -408 +242 -407 -406 -405 -404 -403 +151 -402 -236 -401 -299 -400 +322 -399 -398 -211 +174 +175 +176 +177 +178 +100 +101 +102 +196 +197 -397 +211 -396 -395 -394 -393 -392 +273 +449 -280 -380 -379 -304 -378 -233 -377 -376 +342 -375 +114 +211 -374 -373 -372 -371 -233 -370 -368 -369 -368 -367 -366 +91 -155 +252 -365 +357 -364 -363 -363 -362 +269 -361 +155 -360 +155 -238 -389 -388 +342 -387 -386 +111 -385 -342 -384 +90 -383 -234 -382 -381 -281 +449 -391 -390 -448 +450 +288 -324 -238 +155 -359 -211 -358 +240 +185 -357 -356 +255 -355 -354 -353 -352 -351 -350 -349 -348 -347 -257 +132 +96 -346 +155 +83 -345 -211 +199 +200 +201 +200 +81 +162 +164 -80 +78 +302 +77 -344 -343 -342 -341 +155 +75 +76 +76 +202 +134 +153 -211 +99 -155 +72 +73 +74 +155 +71 +211 +328 -260 +329 -155 +330 +270 +331 +332 +333 +335 +338 +339 +340 -327 +229 -326 -325 -324 +447 -229 +65 +66 -211 +67 +176 +63 +273 +62 +61 -155 -323 -322 +203 +245 +93 +94 +95 -211 -321 -320 +179 +180 +180 +181 +120 +215 -319 -318 -155 -297 -317 +154 +155 +316 -155 -315 -155 -314 +58 +59 +60 +57 -186 -313 -186 -118 -117 -116 -129 +54 +53 -211 +216 +217 +218 +219 +312 -311 +52 +113 +114 +115 -310 +211 +34 -309 -308 +33 +149 +155 +205 +233 +64 -307 +69 -306 -305 -304 -303 -302 +32 +223 -301 +259 -300 -299 -298 -297 +31 -46 -45 -296 +191 -44 -295 -294 -294 -293 -155 -189 -292 -40 -39 -38 -39 -37 -36 -35 -291 -290 -289 -86 -288 -148 +211 +51 +284 +155 +285 +286 +56 +55 +287 +170 +147 -211 -283 -282 -281 -280 -279 +155 -278 -277 -276 -276 -275 -155 -49 -211 -47 -46 -30 -274 -59 -28 -27 +172 -48 +127 +259 -87 -26 -142 -141 -140 -139 -139 -138 -137 -136 -135 -134 -133 -80 -79 -211 -198 -197 +233 -25 -188 +451 +267 +268 +82 +102 +103 +269 +19 +21 +23 +270 +68 +69 +70 +271 +272 +273 +187 -451 -266 -225 -265 -264 -263 -262 +240 -18 -211 -195 -17 -261 +36 -16 -260 -131 -259 -127 -126 -24 -234 +3 +4 -234 +452 +425 +425 +425 +426 +350 +427 +352 +428 -257 +429 -288 +430 +348 +431 -106 -105 -104 -145 -112 -111 -110 -109 -108 +211 -107 -117 -125 -186 -118 -117 -116 -130 -129 -128 -146 -145 -144 -211 -204 -249 -446 +344 -445 +267 -444 -443 +234 +415 +416 +417 +417 +417 +417 -213 +157 -212 -211 +418 -162 +419 -163 -162 -161 -162 +420 -120 +421 -230 +422 +423 +424 -234 -14 -233 -232 -230 -13 -12 -231 -230 -85 +211 -92 -197 -247 -11 +211 -159 -235 +221 +222 +223 +224 -211 -150 +288 -158 -157 -156 -155 -197 -211 -210 -209 -208 -207 -206 +432 +433 +233 +434 -309 -211 -197 -143 -253 -252 -251 -250 -249 -248 +211 -84 -22 -21 -20 -29 -168 -89 -88 -229 -88 -229 -228 -227 -226 -225 -225 -167 -166 -165 -451 +234 -8 +354 -7 -312 -6 +217 -5 -442 +42 -441 -94 -440 +438 +439 -211 -173 -172 -171 -170 -169 -166 -124 -123 -122 -121 -120 -119 -184 -183 -183 -182 -257 -256 -255 -254 -211 -437 -436 +292 -435 +308 -211 -404 +406 +234 +2 -109 +1 +189 +190 +191 +192 $
>Anc0.Anc0refChr315
+222 +223 +224 $
>Anc0.Anc0refChr332
+227 +228 +229 -326 $
>Anc0.Anc0refChr95
-310 $
>Anc0.Anc0refChr214
+247 $
>Anc0.Anc0refChr15
+262 $
>Anc0.Anc0refChr72
-419 $
>Anc0.Anc0refChr104
+442 $
>Anc0.Anc0refChr276
-439 $
>Anc0.Anc0refChr317
-351 -350 -426 -425 $
>Anc0.Anc0refChr43
-381 $
>Anc0.Anc0refChr113
+274 $
>Anc0.Anc0refChr8
-415 -234 -414 $
>Anc0.Anc0refChr92
-422 $
>Anc0.Anc0refChr143
-433 $
>Anc0.Anc0refChr216
+272 $
>Anc0.Anc0refChr227
+261 $
>Anc0.Anc0refChr212
+263 -235 +221 $
>Anc0.Anc0refChr41
-380 $
>Anc0.Anc0refChr94
-423 $
>Anc0.Anc0refChr97
+230 +232 $
>Anc0.Anc0refChr74
-420 $
>Anc0.Anc0refChr36
+244 +245 +246 $
>Anc0.Anc0refChr70
-418 $
>Anc0.Anc0refChr279
-358 $
>Anc0.Anc0refChr49
-325 -324 +447 $
>Anc0.Anc0refChr20
-398 $
>Anc0.Anc0refChr219
-448 $
>Anc0.Anc0refChr18
-400 +322 -399 $
>Anc0.Anc0refChr52
-319 $
>Anc0.Anc0refChr85
-301 +259 -300 -299 -298 -297 -317 $
>Anc0.Anc0refChr218
-396 $
>Yersinia_pestis_Z176003.Yersinia_pestis_Z176003.Chr
+193 +197 +155 +156 +157 +158 -288 +150 +211 -224 -223 -222 -221 +235 +159 +160 -234 +443 +444 -267 +445 -344 +446 +249 +204 +211 +254 +255 +256 +257 +182 +183 +183 +184 +119 +120 +121 +122 +123 +122 +73 +394 +373 +124 +166 +169 +170 +171 +172 +173 +211 -439 -438 -437 -436 +292 -435 +308 +309 -434 -233 -433 -432 +206 +207 +208 +209 +210 +211 +144 +145 +146 +128 +129 +130 +116 +117 +118 +186 +125 +117 +107 +108 +109 +110 +111 +112 +145 +104 +105 +105 +106 -431 -348 -430 +288 -429 +257 -428 -352 -427 -350 -426 -425 -425 -425 -452 +234 +415 +416 +417 +417 +417 +417 -213 -212 -211 +418 -162 +419 -163 -162 -161 -162 +420 -120 -120 +421 -230 +422 +423 +424 -234 -414 -413 -371 -233 -370 -368 -369 +214 -411 -410 -409 +320 -408 +242 -407 -406 -405 -404 -403 +151 -402 -236 -401 -299 -400 +322 -399 -398 -211 +174 -211 +175 +176 +177 +178 +100 +101 +102 +196 +197 -397 +211 -396 -395 -394 -393 -392 +273 +449 -391 -390 -448 +450 +288 -324 -238 +155 +450 -389 -388 +342 -387 -386 +111 -385 -342 -384 +90 -383 -382 -381 -281 -280 -380 -379 -304 -378 -233 -377 -376 +342 -375 +114 +211 -374 -373 -372 -371 -233 -370 -368 -412 +214 -368 -369 -368 -367 -366 +91 -155 +252 -365 +357 -364 -363 -363 -362 +269 -361 +155 -360 +155 -61 -62 -273 -63 -176 -67 +211 -66 -65 +229 -447 +324 +325 +326 -229 +327 -340 -339 -336 -335 -334 -333 -332 -331 -270 -330 +155 -329 +260 -328 -211 -71 -155 -74 -73 -72 +155 -99 -98 -155 -97 +211 -153 -134 -202 -76 -76 -75 -155 +341 +211 +345 -83 -155 +346 -96 -132 +257 +347 +348 +349 +350 +351 +352 +353 +354 +355 -255 +356 +357 -185 -240 +358 +211 +359 -155 -323 -322 +203 +245 +93 +94 +95 -211 -321 -320 +179 +180 +180 +181 +120 +215 -319 -318 -155 -297 -317 +154 +155 +316 -155 -315 -314 +58 +59 +60 +57 -186 -313 -186 -118 -117 -116 -129 +54 +53 +451 +440 +94 +441 -42 +442 +5 -217 +6 +312 +7 -354 +8 -234 +451 +216 +217 +218 +219 +312 -311 +52 -155 +279 +280 +281 +282 +283 +211 +51 +284 +285 +286 +56 +55 +287 +170 +147 -211 +148 +288 +86 +289 +290 -157 +291 +35 +36 +37 +39 +38 +39 +40 +292 +189 +155 +293 +294 +294 +295 +44 -191 +296 +45 +46 +47 +211 +49 +155 +275 +276 +276 +277 +278 -155 +113 +114 +115 -310 +211 +34 -309 -308 +33 +149 +155 +205 +233 +64 -307 +69 -306 -305 -304 -303 -302 +32 +223 -301 +259 -300 -299 -298 -297 +31 -46 -30 -274 -59 -28 -27 +172 -48 +127 +259 -87 -26 -142 -141 -140 -139 -138 -137 -136 -135 -134 -133 -80 -79 -211 -198 -197 +233 -25 -188 +451 -187 -273 -272 -271 -70 -69 -68 -270 -23 -21 -19 -269 -103 -102 -82 -268 -267 -266 -225 -265 -264 -263 -262 +240 -18 -211 -195 -17 -261 +36 -16 -260 -131 -259 -127 -126 -24 -234 -14 -233 -232 -230 -13 -12 -231 -230 -85 -84 -22 -21 -20 -29 -168 -89 -88 -229 -88 -229 -228 -227 -226 -225 -225 -167 -166 -165 -451 +15 +50 +258 +234 -220 -197 -143 -253 -252 -251 -250 -249 -248 +211 -92 -197 -247 -11 +211 -152 -246 -245 -244 -243 -242 -241 -240 -239 -238 -237 +155 -43 -42 -41 -209 -9 -236 -10 -197 -194 +234 -4 -3 +234 +2 -109 +1 +189 +190 +191 +192 $
>Anc0.Anc0refChr323
-409 +320 -408 +242 -407 -406 $
>Anc0.Anc0refChr5
+296 $
>Anc0.Anc0refChr120
-411 $
>Anc0.Anc0refChr22
-365 +357 -364 -363 -362 +269 -361 $
>Anc0.Anc0refChr222
+226 $
>Anc0.Anc0refChr51
-318 $
>Anc0.Anc0refChr79
+287 $
>Anc0.Anc0refChr313
+264 $
>Anc0.Anc0refChr122
-413 $
>Anc0.Anc0refChr280
-374 -373 -372 -371 -233 $
>Anc0.Anc0refChr180
-359 $
>Anc0.Anc0refChr45
-369 $
>Anc0.Anc0refChr307
-306 +283 $
>Anc0.Anc0refChr44
-412 $
>Anc0.Anc0refChr98
-421 $
>Anc0.Anc0refChr105
+293 +294 +295 $
>Anc0.Anc0refChr275
+248 $
>Anc0.Anc0refChr3
-417 -416 $
>Anc0.Anc0refChr55
-395 -394 -393 $
>Anc0.Anc0refChr59
-438 +440 $
>Anc0.Anc0refChr282
-392 +273 -391 $
>Anc0.Anc0refChr301
+443 +444 $
>Anc0.Anc0refChr46
-367 -402 -236 -401 $
>Anc0.Anc0refChr223
-390 $
>Yersinia_pestis_CO92.Yersinia_pestis_CO92.Chr
+193 +197 +155 +156 +157 +158 -288 +150 +211 -224 -223 -222 -221 +235 +159 +160 -234 +443 +444 -267 +445 -344 +446 +249 +204 +211 +254 +255 +256 +257 +182 +183 +183 +184 +119 +120 +121 +122 +123 +124 +166 +169 +170 +171 +172 +173 +211 -439 -438 -437 -436 +292 -435 +308 +309 -434 -233 -433 -432 +206 +207 +208 +209 +210 +211 +144 +145 +146 +128 +129 +130 +116 +117 +118 +186 +125 +117 +107 +108 +109 +110 +111 +112 +145 +104 +105 +105 +106 -431 -348 -430 +288 -429 +257 -428 -352 -427 -350 -426 -425 -425 -425 -452 +234 -424 -423 -422 +230 -421 +120 -420 +162 +161 +162 +163 -419 +162 -418 +211 -174 +211 +398 +399 -322 +400 +299 +401 +236 +402 -151 +403 +404 +405 +406 +407 -242 +408 -320 +409 +410 +411 -214 +369 +368 -214 +412 +368 +370 +233 +371 +413 +414 +234 +415 +416 +417 +417 +417 +417 -213 -212 -211 +175 +176 +177 +178 +100 +101 +102 +196 +197 -397 +211 -396 -395 -394 -393 -392 +273 +449 -391 -390 -448 +450 -389 -388 +342 -387 -386 +111 -385 -342 -384 +90 -383 -382 -381 -281 -280 -380 -379 -304 -378 -233 -377 -376 +342 -375 +114 +211 -374 -373 -372 -371 -233 -370 -368 -369 -368 -367 -366 +91 -155 +252 -365 +357 -364 -363 -363 -362 +269 -361 +155 -360 +155 -316 -155 -154 +317 +297 +155 +318 +319 -215 -120 -181 -180 -180 -179 +320 +321 +211 -95 -94 -93 -245 -203 +322 +323 +155 -359 -211 -358 +240 +185 -357 -356 +255 -355 -354 -353 -352 -351 -350 -349 -348 -347 -257 +132 +96 -346 +155 +83 -345 -211 +199 +200 +201 +200 +81 +162 +164 -80 +78 +302 +77 -344 -343 -341 +155 +75 +76 +76 +202 +134 +153 -211 +97 +155 +98 +99 -155 +72 +73 +74 +155 +71 +211 +328 -260 +329 -155 +330 +270 +331 +332 +333 +334 +335 +336 +337 +338 +339 +340 -327 +229 -326 -325 -324 +447 -229 +65 +66 -211 +67 +176 +63 +273 +62 +61 -155 -315 -314 +58 +59 +60 +57 -186 -313 -186 -118 -117 -116 -129 +54 +53 +451 +216 +217 +218 +219 +312 -311 +52 -155 +279 +280 +281 +282 +283 +211 +51 +284 +285 +155 +286 +56 +55 +287 +170 +147 -211 +310 -115 -114 -113 +155 -278 -277 -276 -276 -275 -155 -49 -211 -47 -46 -45 -296 +191 -44 -295 -294 -294 -293 -155 -189 -292 -40 -39 -38 -39 -37 -36 -35 -291 +157 -290 -289 -86 -288 -148 +211 +34 -309 -308 +33 +149 +155 +205 +233 +64 -307 +69 -306 -305 -304 -303 -302 +32 +223 -301 +259 -300 -299 -298 -297 +31 -46 -30 -274 -59 -28 -451 -27 +172 -48 +127 +259 -87 -26 -142 -141 -140 -139 -138 -137 -136 +211 -135 -134 -133 -80 -79 -211 -198 -197 +233 -25 -188 +451 -187 -273 -272 -271 -70 -69 -68 -270 -23 -21 -19 -269 -103 -102 -82 -268 -267 -266 -225 -265 -264 -263 -262 +240 -18 -211 -195 -17 -261 +36 -16 -260 -131 -259 -127 -126 -24 -234 -258 -50 -15 +451 +165 +166 +167 +225 +225 +226 +227 -14 -233 -232 -230 -13 -12 -231 -230 -85 -84 -22 -21 -20 -29 -168 -89 -88 -229 -88 -229 -228 -451 +234 -220 -197 -143 -253 -252 -251 -250 -249 -248 +211 -92 -197 -247 -11 +211 -152 -246 -245 -244 -243 -242 -241 -240 -239 -238 -237 +155 -43 -42 -41 -209 -9 -236 -10 -197 -194 +234 -8 +354 -7 -312 -6 +217 -5 -442 +42 -441 -94 -440 -451 +234 -4 -3 +234 +2 -109 +1 +189 +190 +191 +192 $
>Anc0.Anc0refChr177
+316 $
>Anc0.Anc0refChr220
-389 $
>Anc0.Anc0refChr269
+328 -260 +329 $
>Anc0.Anc0refChr2
-388 $
>Anc0.Anc0refChr295
-343 -342 -341 $
>Anc0.Anc0refChr99
+231 $
>Anc0.Anc0refChr182
-397 $
>Anc0.Anc0refChr299
-386 $
>Anc0.Anc0refChr308
-307 $
>Anc0.Anc0refChr28
+312 -311 $
>Anc0.Anc0refChr132
-385 $
>Anc0.Anc0refChr318
-349 $
>Anc0.Anc0refChr211
-384 $
>Anc0.Anc0refChr114
-313 $
>Anc0.Anc0refChr271
+251 +252 +253 $
>Anc0.Anc0refChr185
+237 +238 +239 +240 +241 $
>Anc0.Anc0refChr50
+284 +285 +286 +258 $
>Anc0.Anc0refChr331
-379 $
>Anc0.Anc0refChr191
-305 -304 -303 -302 $
>Anc0.Anc0refChr192
-378 $
>Anc0.Anc0refChr144
-377 -376 $
>Anc0.Anc0refChr96
-432 $
>Anc0.Anc0refChr174
-323 $
>Anc0.Anc0refChr60
-345 $
>Anc0.Anc0refChr298
-375 $
>Anc0.Anc0refChr31
+256 $
>Anc0.Anc0refChr213
-410 $
>Anc0.Anc0refChr187
+220 $
>Anc0.Anc0refChr38
+441 $
>Anc0.Anc0refChr172
-315 -314 $
>Anc0.Anc0refChr136
-346 $
>Anc0.Anc0refChr273
-321 $
>Anc0.Anc0refChr325
-370 -368 $
>Anc0.Anc0refChr108
-347 $
>Anc0.Anc0refChr178
+275 +276 +277 $
>Anc0.Anc0refChr25
+289 +290 +291 $
