>Anc0.Anc0refChr133
+1 $
>Anc0.Anc0refChr266
+2 $
>Anc0.Anc0refChr302
+3 $
>Anc0.Anc0refChr124
+4 $
>Anc0.Anc0refChr274
+5 $
>Anc0.Anc0refChr27
+6 $
>Anc0.Anc0refChr30
+7 $
>Anc0.Anc0refChr107
+8 $
>Anc0.Anc0refChr87
+9 $
>Anc0.Anc0refChr179
+10 $
>Anc0.Anc0refChr283
+11 $
>Anc0.Anc0refChr91
+12 $
>Anc0.Anc0refChr93
+13 $
>Anc0.Anc0refChr138
+14 $
>Anc0.Anc0refChr265
+15 $
>Anc0.Anc0refChr228
+16 $
>Anc0.Anc0refChr57
+17 $
>Anc0.Anc0refChr210
+18 $
>Anc0.Anc0refChr14
+19 $
>Anc0.Anc0refChr284
+20 $
>Anc0.Anc0refChr264
+21 +22 +23 $
>Anc0.Anc0refChr89
+24 $
>Anc0.Anc0refChr305
+25 $
>Anc0.Anc0refChr209
+26 $
>Anc0.Anc0refChr311
+27 $
>Anc0.Anc0refChr111
+28 +29 $
>Anc0.Anc0refChr206
+30 $
>Anc0.Anc0refChr194
+31 $
>Anc0.Anc0refChr1
+32 $
>Anc0.Anc0refChr84
+33 $
>Anc0.Anc0refChr62
+34 $
>Anc0.Anc0refChr287
+35 $
>Anc0.Anc0refChr226
+36 +37 +38 $
>Anc0.Anc0refChr4
+39 +40 +41 $
>Anc0.Anc0refChr134
+42 $
>Anc0.Anc0refChr102
+43 +44 +45 +46 $
>Anc0.Anc0refChr310
+47 $
>Anc0.Anc0refChr6
+48 +49 +50 $
>Anc0.Anc0refChr82
+51 $
>Anc0.Anc0refChr285
+52 $
>Anc0.Anc0refChr294
+53 +54 +55 $
>Anc0.Anc0refChr281
+56 $
>Anc0.Anc0refChr66
+57 $
>Anc0.Anc0refChr29
+58 $
>Anc0.Anc0refChr119
+59 +60 +61 $
>Anc0.Anc0refChr117
+62 $
>Anc0.Anc0refChr291
+63 $
>Anc0.Anc0refChr292
+64 $
>Anc0.Anc0refChr115
+65 $
>Anc0.Anc0refChr319
+66 +67 $
>Anc0.Anc0refChr112
+68 +69 +70 $
>Anc0.Anc0refChr190
+71 $
>Anc0.Anc0refChr23
+72 $
>Anc0.Anc0refChr225
+73 +74 +75 $
>Anc0.Anc0refChr137
+76 $
>Anc0.Anc0refChr224
+77 +78 +79 $
>Anc0.Anc0refChr88
+80 +81 +82 +83 +84 $
>Anc0.Anc0refChr188
+85 +86 $
>Anc0.Anc0refChr171
+87 +88 +89 $
>Anc0.Anc0refChr189
+90 +91 +92 $
>Anc0.Anc0refChr193
+93 $
>Anc0.Anc0refChr83
+94 $
>Anc0.Anc0refChr142
+95 $
>Anc0.Anc0refChr286
+96 +97 $
>Anc0.Anc0refChr71
+98 $
>Anc0.Anc0refChr12
+99 +100 +101 $
>Anc0.Anc0refChr65
+102 $
>Anc0.Anc0refChr175
+103 $
>Anc0.Anc0refChr101
+104 +105 +106 +107 +108 +109 $
>Anc0.Anc0refChr34
+110 +111 +112 $
>Anc0.Anc0refChr47
+113 $
>Anc0.Anc0refChr326
+114 $
>Anc0.Anc0refChr48
+115 +116 $
>Anc0.Anc0refChr11
+117 $
>Anc0.Anc0refChr330
+118 $
>Anc0.Anc0refChr181
+119 $
>Anc0.Anc0refChr39
+120 +121 +122 $
>Anc0.Anc0refChr26
+123 +124 +125 $
>Anc0.Anc0refChr289
+126 +127 +128 +129 +130 $
>Anc0.Anc0refChr221
+131 +132 +133 +134 $
>Anc0.Anc0refChr131
+135 +136 +137 $
>Anc0.Anc0refChr10
+138 +139 +140 +141 +142 +143 +144 +145 +146 +147 $
>Anc0.Anc0refChr186
+148 +149 +150 $
>Anc0.Anc0refChr321
+151 +152 +153 +154 +155 +156 $
>Anc0.Anc0refChr322
+157 $
>Anc0.Anc0refChr7
+158 +159 +160 +161 +162 +163 +164 +165 $
>Anc0.Anc0refChr116
+166 $
>Anc0.Anc0refChr81
+167 +168 $
>Anc0.Anc0refChr324
+169 +170 +171 +172 +173 +174 $
>Anc0.Anc0refChr86
+175 $
>Anc0.Anc0refChr33
+176 $
>Anc0.Anc0refChr130
+177 +178 +179 +180 +181 +182 +183 +184 +185 +186 +187 +188 $
>Anc0.Anc0refChr277
+189 +190 +191 $
>Anc0.Anc0refChr231
+192 $
>Anc0.Anc0refChr110
+193 +194 +195 +196 $
>Anc0.Anc0refChr64
+197 $
>Anc0.Anc0refChr109
+198 +199 +200 $
>Anc0.Anc0refChr312
+201 +202 +203 $
>Anc0.Anc0refChr303
+204 $
>Anc0.Anc0refChr40
+205 $
>Anc0.Anc0refChr129
+206 $
>Anc0.Anc0refChr17
+207 +208 +209 +210 +211 +212 $
>Anc0.Anc0refChr327
+213 $
>Anc0.Anc0refChr75
+214 +215 $
>Anc0.Anc0refChr68
+216 +217 +218 $
>Anc0.Anc0refChr69
+219 +220 +221 +222 +223 +224 +225 +226 +227 $
>Anc0.Anc0refChr314
+228 +229 +230 $
>Anc0.Anc0refChr53
+231 $
>Anc0.Anc0refChr77
+232 +233 +234 +235 +236 +237 $
>Anc0.Anc0refChr290
+238 +239 +240 +241 +242 +243 +244 +245 $
>Anc0.Anc0refChr125
+246 +247 +248 +249 $
>Anc0.Anc0refChr32
+250 +251 +252 +253 +254 +255 +256 +257 $
>Anc0.Anc0refChr16
+258 +259 +260 +261 $
>Anc0.Anc0refChr139
+262 $
>Anc0.Anc0refChr320
+263 $
>Anc0.Anc0refChr90
+264 $
>Anc0.Anc0refChr24
+265 +266 $
>Anc0.Anc0refChr135
+267 +268 +269 +270 +271 +272 +273 $
>Anc0.Anc0refChr267
+274 $
>Anc0.Anc0refChr80
+275 $
>Anc0.Anc0refChr67
+276 $
>Anc0.Anc0refChr13
+277 +278 +279 +280 +281 +282 +283 +284 +285 $
>Anc0.Anc0refChr272
+286 +287 +288 +289 +290 $
>Anc0.Anc0refChr329
+291 $
>Anc0.Anc0refChr19
+292 $
>Anc0.Anc0refChr217
+293 $
>Anc0.Anc0refChr170
+294 $
>Anc0.Anc0refChr100
+295 +296 +297 +298 +299 +300 +301 +302 +303 +304 +305 +306 +307 $
>Anc0.Anc0refChr123
+308 +309 $
>Anc0.Anc0refChr73
+310 $
>Anc0.Anc0refChr270
+311 +312 +313 +314 +315 $
>Yersinia_pestis_KIM_10.Yersinia_pestis_KIM_10.Chr
+273 +278 +280 +281 +283 +316 +317 +318 +319 +320 +300 +321 +322 +323 +324 +325 -300 +228 +229 +230 +326 +327 +328 +329 +330 +331 +327 +332 +333 +334 +333 +335 +336 +337 +115 +337 +115 +116 +338 +231 +339 +113 +30 +329 +330 +21 +22 +23 +340 +104 +105 +106 +107 +108 +109 +341 +342 +343 +344 +345 +106 +12 +108 +13 +341 +342 +343 +343 +344 +346 +347 +348 +349 +14 +350 +351 -300 +352 +353 +214 +215 +320 -351 -350 +204 +274 +278 +280 +281 +282 +10 +354 +9 +298 +43 +44 +44 +44 +45 +46 -209 -208 +355 +356 +357 +358 +359 +360 +361 +362 +363 +356 +364 +365 +366 +367 +205 -300 +11 -330 -329 +368 +278 +279 +281 +119 -300 +369 +370 +371 +329 +330 +372 +373 +374 +187 +188 +278 +280 +281 +284 +375 +376 +300 +377 +378 +379 +380 +250 +251 +252 +254 +253 +254 +255 +256 +257 +381 +382 +158 +159 +160 +161 +162 +163 +164 +165 +232 +383 +229 +232 +233 +234 +235 +236 +237 +300 +15 +384 +53 +54 +55 +385 +386 +350 +351 -320 +25 +387 +167 +168 +388 +175 +389 +16 -37 +390 +391 +17 -220 +276 +300 -329 +18 -258 -360 +392 +393 +393 +394 -330 -329 +395 -353 +396 -251 +397 +326 +327 +328 +398 +399 +400 +401 -142 +99 +100 +101 +133 +134 +402 +19 +329 +330 +20 +22 +24 +403 +80 +81 +82 +83 +84 +404 +405 +322 +406 +407 +408 -330 -329 +409 -330 -329 +410 +411 +265 +300 +266 -330 -329 +26 -349 +412 -347 +95 +278 +279 +281 +284 +285 +300 +96 +97 +177 +178 +179 +180 +181 +182 +183 +184 -300 +185 +186 +187 +27 +111 +112 -388 -168 +51 -236 +28 +29 +69 +413 +414 +415 +31 +49 +50 +300 +52 +208 +209 +416 +417 +418 +418 +419 -54 +420 +421 +367 +422 +423 +424 +425 +426 +427 +220 +57 -376 +428 +300 +56 +429 +430 +431 +432 +385 +64 +433 +63 +434 +275 -387 +435 +234 +193 +194 +195 +196 -198 +436 +110 +111 +437 +438 -300 +439 +440 -74 +36 +37 +38 +40 +39 +40 +41 +441 -417 +42 +42 +42 +42 +267 +208 +209 +268 +44 +442 +443 +444 +445 +443 +444 +445 +446 +447 +47 -270 +448 +85 +48 +49 -32 +449 +450 +451 +452 -388 +453 -324 -33 +454 +455 +456 +457 -426 +458 +459 +460 -81 +461 -417 +462 -76 -349 +114 -347 -294 -209 -208 -197 -224 -34 +463 +464 +465 +466 -35 -300 +467 -341 -150 -149 -148 +208 +209 -58 -313 +468 +315 +469 +470 -314 -313 -312 -311 +300 -61 -60 -59 +471 -62 +172 +173 +157 +173 +151 +152 +153 +154 +155 +263 +472 +154 +155 +263 -67 -66 -65 +155 +156 -67 -70 -69 -68 +243 +473 +474 +208 +209 +475 -209 -208 -207 +476 +477 +449 +478 +208 +209 +479 +480 +481 -256 -310 -159 +381 -249 -248 -247 -248 -246 +482 +483 +484 +483 +484 +483 +485 +486 +300 -122 -121 -120 +487 -365 -292 +488 +489 +208 +209 -71 -459 -72 -411 -75 -74 -73 -241 -79 -78 +300 -77 +490 +491 +492 -339 +493 -480 +494 -429 +495 -337 +496 +300 +497 +498 -389 +499 -209 -208 +500 +403 +501 +502 +503 +504 +505 +506 +507 +508 +509 +510 +511 +512 +513 +514 -300 -86 -85 -209 -208 -89 -88 -87 +208 +209 -130 -129 -128 -127 -209 -208 -126 +300 -206 -178 -291 -91 -92 -91 -90 -209 -208 +515 +516 +517 +518 +519 -93 -454 -94 +97 -227 -226 -225 -224 -223 -222 -221 -220 -219 -217 -98 -288 -287 -290 -288 -287 -286 +300 -102 -222 +520 -376 -103 -209 -208 +521 +417 -125 -124 -123 -129 -176 +380 +522 +523 +524 +525 +526 +527 +528 +529 +530 +531 +532 +533 -378 +534 +434 +535 -387 +536 +537 -261 -260 -259 -258 -360 +538 +300 +539 -209 -208 +540 -209 -208 +541 -402 +542 +543 +543 +544 -537 +545 -373 +546 +208 +209 -118 -318 +547 +548 +549 +550 +551 +552 +553 +554 +555 +552 +553 +556 +557 -262 +347 +558 +349 +559 -382 -381 +560 +561 -476 +562 +563 +564 -300 -264 -149 +565 -517 -516 +566 +433 +567 -300 +568 +347 +569 +349 +570 +456 +571 +572 +423 +424 +573 +574 +575 +576 +577 +578 +329 +330 -117 +140 +579 +329 +330 +516 +517 +580 -146 +581 +577 +582 -517 -516 +583 +584 +585 +584 +586 +329 +330 +587 -506 +588 +447 +589 -411 +590 -330 -329 +591 -428 +592 +593 +594 +595 +596 -202 +597 +598 +599 +591 -300 +600 -282 -281 -280 -278 -277 -133 -132 -131 +329 +330 -245 -300 -244 -243 -242 -241 -240 -239 -238 -192 +300 -329 +601 +602 -260 +603 -488 +604 +451 +605 +354 +606 +338 +607 +548 -203 -202 -201 +598 +608 +609 +610 +611 +612 -362 +613 -485 -483 -484 -483 -482 +614 +615 +616 +615 +617 +618 +619 +329 +330 +620 -471 +621 +622 +553 +556 -309 -308 +623 +555 +552 +553 +556 -309 -308 +623 +624 +625 +552 +553 +556 +557 -262 +347 +558 +349 +559 -382 -381 +560 +626 +623 +627 -308 +623 +628 +350 +351 -320 +629 -444 +630 +631 +632 +631 +632 +631 +632 +631 -307 -306 -305 -304 -304 -303 -302 -305 -304 -304 -303 -306 -305 -304 -304 -303 -301 -300 +633 -217 +634 -289 -288 -218 -217 -216 -217 +635 -159 -159 +636 -342 -341 +637 +638 -108 +639 +320 -351 -350 +640 +641 +527 +642 +529 +643 -380 +644 -436 +645 +523 +646 +226 -137 -136 -135 -190 -147 -146 -145 -144 -143 -142 -141 -140 -139 -138 -152 -166 -263 -155 -154 -153 -152 -151 -173 -157 -173 -174 -173 -157 -173 -172 -171 -170 -169 -170 -191 -190 -189 -300 -299 -298 -297 -296 -295 -340 +647 +341 +648 +347 -213 +349 +649 -466 -465 +650 -463 +651 -441 +652 +502 +653 +654 +655 +656 +404 +657 -574 +658 +376 +659 -391 +660 -300 -200 -199 -198 +436 -212 -211 -210 -209 -208 +661 -375 -281 -280 -278 -300 +662 +663 +121 +664 -45 -44 -44 +665 +329 +330 +5 -313 -312 +6 +469 +7 -532 +8 -44 +666 -204 +320 -351 -350 +667 +668 -400 -399 +669 -415 +670 -519 +671 +384 +672 +370 -330 -329 +293 +300 -181 -609 -593 +611 -471 -655 +350 +351 -320 +204 -4 -618 -3 +350 +351 -320 +204 +2 -144 +1 +42 +267 +268 +269 +270 +271 +272 $
>Anc0.Anc0refChr309
-652 +441 -651 +463 -650 +464 +465 +466 -649 $
>Anc0.Anc0refChr127
-610 -609 -608 -598 -597 $
>Anc0.Anc0refChr316
-639 $
>Yersinia_pestis_Nepal516.Yersinia_pestis_Nepal516.Chr
+272 +273 +278 +280 +281 +283 +316 +317 +318 +319 +320 -351 -350 +204 +274 +278 +280 +281 +282 +10 +354 +9 +298 +43 +44 +44 +44 +45 +46 -209 -208 +355 +356 +357 +358 +359 +360 +361 +362 +363 +356 +364 +365 +366 +367 +205 -300 +11 -330 -329 +368 +278 +279 +281 +119 -300 +369 +370 +371 +329 +330 +372 +373 +374 +187 +188 +278 +280 +281 +375 -661 +208 +209 +210 +211 +212 -436 +198 +199 +200 +300 -660 +391 -659 -376 -658 +574 -657 -404 -656 -655 -654 -653 -502 -652 +441 -651 +463 -650 +465 +466 -649 -349 +213 -347 -648 -341 -647 +340 +295 +296 +297 +298 +299 +300 +189 +190 +191 +170 +169 +170 +171 +172 +173 +157 +173 +174 +173 +157 +173 +151 +152 +138 +139 +140 +141 +142 +143 +144 +145 +146 +147 +190 +135 +136 +137 -226 -646 -523 -645 +436 -644 +380 -643 -529 -642 -527 -641 -640 +350 +351 -320 +25 +387 +167 +168 +388 +175 +389 +16 -37 +390 +391 +17 -220 +276 +300 -329 +18 -258 -360 +392 +393 +393 +394 -330 -329 +395 -353 +396 -251 +397 +326 +327 +328 +398 +399 +400 +401 -142 +99 +100 +101 +133 +134 +402 +19 +329 +330 +20 +22 +24 +403 +80 +81 +82 +83 +84 +404 +405 +322 +406 +407 +408 -330 -300 -329 +409 -330 -329 +410 +411 +265 +266 -330 -329 +26 -349 +412 -347 +95 +278 +279 +281 +284 +285 +96 +97 +177 +178 +179 +180 +181 +182 +183 +183 +184 +185 +300 +186 +187 +27 +111 +112 -388 -168 +51 -236 +28 +29 +69 +413 -209 -208 +414 +415 +31 +49 +50 +300 +52 +208 +209 +416 +417 +418 +418 +419 -54 +420 +421 +367 +422 +423 +424 +425 +426 +427 +220 +57 -376 +428 +300 +56 +429 +430 +431 +432 +385 +64 +433 +63 +434 +275 -387 +435 +234 +193 +194 +195 +196 -198 +436 +110 +111 +437 +300 +438 +439 +440 -74 +36 +37 +38 +40 +39 +40 +41 +441 -417 +42 +42 +42 +42 +267 +208 +209 +268 +44 +442 +443 +444 +445 +443 +444 +445 +446 +447 +47 -270 +448 +85 +48 +49 -32 +449 +450 +451 +452 -388 +453 -324 -33 +454 +455 +456 +457 -426 +458 +459 +460 -81 +461 -417 +462 -76 -349 +114 -347 -294 -209 -208 -197 -224 -34 +463 +464 +465 +466 -35 -300 -516 -515 +208 +209 +90 +91 +92 +91 +291 +178 +206 -300 +126 +208 +209 +127 +128 +129 +130 -209 -208 +87 +88 +89 +208 +209 +85 +86 +300 +497 +498 -389 +499 -209 -208 +500 +403 +501 +502 +503 -209 -208 +504 +506 +507 +508 +509 +510 +511 +512 +513 +208 +209 +514 -496 +337 -495 +429 -494 +480 -493 +339 -492 -491 -490 +673 +674 -337 +77 -300 +78 +79 +241 +73 +74 +75 +411 +72 +459 +71 -209 -208 +209 -208 -489 -488 +292 +365 -487 +120 +121 +122 -300 -486 -485 -483 -484 -483 -484 -483 -482 +246 +248 +247 +248 +249 -381 +159 +310 +256 -481 -480 -479 -209 -208 -478 -449 -477 -476 +207 +208 +209 -475 -209 -208 -474 -473 -243 +68 +69 +70 +67 -156 -155 +65 +66 +67 -263 -155 -154 -472 -263 -155 -154 -153 -152 -151 -173 -157 -173 -172 +62 -471 +59 +60 +61 -300 +311 +312 +313 +314 +315 +469 +470 -468 +313 +58 -209 -208 +148 +149 +150 +341 -467 +300 -102 -222 +520 -376 -103 -209 -208 +521 +417 -125 -124 -123 -129 -176 +380 +522 +523 +524 +525 +526 +527 +528 +529 +530 +531 +532 +533 -378 +534 +434 +535 -387 +536 +537 -261 -260 -259 -258 -360 +538 +300 +539 -209 -208 +540 -209 -208 +541 -402 +542 +543 +543 +544 -537 +545 -373 +546 +208 +209 -118 -318 +547 +548 +549 +550 +551 +552 +553 +554 +555 +552 +553 +556 +557 -262 +347 +558 +349 +559 -382 -381 +560 +561 -476 +562 +563 +564 -300 -264 -149 +565 -517 -516 +566 +433 +567 -300 +568 +347 +569 +349 +570 +456 +571 +572 +423 +424 +573 +574 +575 +576 +577 +578 +329 +330 -117 +140 +579 +329 +330 +516 +517 +580 -146 +581 +577 +582 -517 -516 +583 +584 +585 +584 +586 +329 +330 +358 -209 -208 -550 +358 -673 +490 +198 +329 +330 +675 +329 +330 +587 -506 +588 +447 +589 -411 +590 -330 -329 +591 -428 +592 +593 +594 +595 +596 -202 +597 +598 +599 +591 -300 +600 -282 -281 -280 -278 -277 -133 -132 -296 -131 +329 +330 -245 -244 -243 -242 -241 -240 -239 -238 -192 +300 -329 +601 +602 -260 +603 -488 +604 +451 +605 +354 +606 +338 +607 +548 -203 -202 -201 +598 +608 +609 +610 +611 +612 -362 +613 -485 -483 -484 -483 -482 +614 +615 +616 +615 +617 +618 +619 +329 +330 +620 -471 +621 +622 +553 +556 -309 -308 +623 +555 +552 +553 +556 -309 -308 +623 +624 +625 +552 +553 +556 +557 -262 +347 +558 +349 +559 -382 -381 +560 +626 +623 +627 -308 +623 +628 +350 +351 -320 -639 +108 -638 -637 +341 +342 -636 +159 +159 -635 +217 +216 +217 +218 +288 +289 -634 +217 -633 +300 +301 +303 +304 +304 +305 +306 +303 +304 +304 +305 +302 +303 +304 +304 +305 +306 +307 -631 -632 -631 -632 -631 -632 -631 -630 +444 -629 +320 -351 -350 -386 -385 -55 -54 -53 -384 -15 -300 -237 -236 -235 -234 -233 -232 -229 -383 -232 -165 -164 -163 -162 -161 -160 -159 -158 -382 -381 -257 -256 -255 -254 -253 -254 -252 -251 -250 -380 -379 -378 -377 -300 -376 -375 -284 -281 -280 -278 -300 +228 +229 +230 +326 +327 +328 +329 +330 +331 +327 +332 +333 +334 +333 +335 +336 +337 +115 +337 +115 +116 +338 +231 +339 +113 +30 +329 +330 +21 +22 +23 +340 +104 +105 +106 +107 +108 +109 +341 +342 +343 +344 +345 +106 +12 +108 +13 +341 +342 +343 +343 +344 +346 +347 +348 +349 +14 +350 +351 -320 +204 -666 +44 -8 +532 -7 -469 -6 +312 +313 -5 -330 -329 -665 +44 +44 +45 -664 -121 -663 -662 +300 -181 -609 -593 +611 -471 -655 +350 +351 -320 +204 -4 -618 -3 +350 +351 -320 -215 -214 -353 -352 +321 +322 +323 +324 +325 -300 -293 +329 +330 -370 -672 -384 -671 +519 -670 +415 -669 +399 +400 -668 +300 -667 +350 +351 -320 +2 -144 +1 +42 +267 +268 +269 +270 +271 $
>Anc0.Anc0refChr263
+371 $
>Anc0.Anc0refChr268
+377 $
>Anc0.Anc0refChr21
-536 +387 -535 -434 -534 +378 -533 -532 -531 $
>Anc0.Anc0refChr42
+405 +322 +406 +407 +408 $
>Anc0.Anc0refChr183
+500 +403 +501 +502 +503 +504 +505 +506 +507 +508 +509 +510 +511 +512 +513 +514 -496 $
>Anc0.Anc0refChr215
-578 -577 -576 -575 $
>Anc0.Anc0refChr176
-540 $
>Anc0.Anc0refChr76
+397 +326 +327 +328 +398 +399 +400 +401 $
>Anc0.Anc0refChr37
-653 $
>Anc0.Anc0refChr63
-646 -523 -645 +436 -644 +380 -643 -530 -529 -642 $
>Anc0.Anc0refChr278
+331 $
>Anc0.Anc0refChr54
-547 $
>Anc0.Anc0refChr195
+669 -415 +670 -519 +671 +384 +672 +370 $
>Anc0.Anc0refChr297
-582 $
>Anc0.Anc0refChr126
+363 $
>Anc0.Anc0refChr293
+420 +421 +367 +422 +423 +424 +425 $
>Yersinia_pestis_Antiqua.Yersinia_pestis_Antiqua.Chr
+272 +273 +278 +280 +281 +283 +316 +317 +318 +319 +320 -351 -350 -386 -385 -55 -54 -53 -384 -15 -350 +204 +274 +278 +280 +281 +282 +10 +354 +9 +298 +43 +44 +44 +45 +46 -209 -208 +355 +356 +357 +358 +359 +360 +361 +362 +363 +356 +364 +365 +366 +367 +205 -300 +215 +320 -351 -350 -628 -623 +308 -627 -623 -626 -560 +381 +382 -559 -349 -558 -347 +262 -557 -556 -553 -552 -625 -624 -623 +308 +309 -556 -553 -552 -555 -623 +308 +309 -556 -553 -622 -621 +471 -620 -330 -329 -619 -618 -617 -615 -616 -615 -614 +482 +483 +484 +483 +485 -613 +362 -612 -611 -610 -609 -608 -598 +201 +202 +203 -548 -607 -338 -606 -354 -605 -451 -604 +488 -603 +260 -602 -601 +329 -300 +192 +238 +239 +240 +241 +242 +243 +244 +245 -330 -329 +131 +132 +133 +277 +278 +280 +281 +282 -600 +300 -591 -599 -598 -597 +202 -596 -595 -594 -593 -592 +428 -591 +329 +330 -590 +411 +676 -423 -572 -571 -456 -570 -349 -569 -347 -568 -567 -433 -566 +516 +517 -565 +149 +264 +300 -564 -563 -562 +476 -561 -560 +381 +382 -559 -349 -558 -347 +262 -557 -556 -553 -552 -555 -554 -553 -552 -551 -550 -549 -548 -547 +318 +118 -209 -208 -546 +373 -545 +537 -544 -543 -543 -542 +402 -541 +208 +209 -540 +208 +209 -358 -330 -329 -586 -584 -585 -584 -583 +516 +517 -582 -577 -581 +146 -580 -517 -516 -330 -329 -579 -140 +117 -330 -329 -578 -577 -576 +320 -351 -350 -575 -574 -573 -424 +676 -589 -447 -588 +506 -587 -330 -329 -675 +677 -198 +436 -490 +673 -358 +550 +208 +209 -539 -300 -538 +360 +258 +259 +260 +261 -537 -536 +387 -535 -434 -534 +378 -533 -532 -531 -530 -529 -528 -527 -526 -525 -525 -524 -523 -522 -380 +176 +129 +123 +124 +125 -417 -521 +208 +209 +103 +376 -520 +222 +102 -300 +286 +287 +288 +290 +287 +288 +98 +217 +219 +220 +221 +222 +223 +224 +225 +226 +227 -97 +94 +454 +93 -519 -518 -517 -516 -515 +208 +209 +90 +91 +92 +91 +291 +178 +206 -300 +128 +129 +130 -209 -208 +87 +88 +89 +208 +209 +85 +86 +300 +497 +498 -389 +499 -209 -208 +500 +403 +501 +502 +503 +504 +505 +506 +508 +512 +513 +514 -496 +337 -495 +429 -494 +480 -493 +339 -492 -195 +678 -491 -490 +673 +674 -337 +77 +78 -300 +79 +241 +73 +74 +75 +411 +72 +459 +71 -209 -208 -489 -488 +292 +365 -487 +120 +121 +122 -300 -486 -485 -483 -484 -483 -484 -483 -482 +246 +248 +247 +248 +249 -381 +159 +310 +256 -481 -480 -479 -209 -208 -478 -449 -477 -476 +207 +208 +209 +475 -209 -208 -474 -209 -208 -473 -243 +68 +69 +70 +67 -156 -155 +65 +66 +67 -263 -155 -154 -472 -263 -155 -154 -153 -152 -151 -173 -157 -173 -172 +62 -471 +59 +61 -300 +311 +312 +313 +314 +315 +469 +470 -468 +313 +58 +148 +149 +150 +341 -467 +300 +35 -466 -465 -464 -463 +34 +224 +197 +208 +209 +294 +347 -114 +349 +76 -462 +417 -461 +81 -460 -459 -458 +426 -457 -456 -455 -454 +33 +324 -453 +388 -452 -451 -450 -449 +32 -49 -48 -85 -448 +270 -47 -447 -446 -445 -444 -443 -445 -444 -443 -442 -44 -268 -209 -208 -267 -42 -42 -42 -42 +417 -441 -41 -40 -39 -40 -38 -37 -36 +74 -440 -439 -438 -437 -111 -110 -436 +198 -196 -195 -194 +300 +56 +429 +430 +208 +209 +431 +432 +385 +64 +433 +63 +434 +275 -387 +435 +234 +193 -300 -428 +376 -57 -220 -427 -426 -425 -424 -423 -422 -367 -421 +208 +209 -420 +54 -419 -418 -418 -417 -416 -209 -208 -52 -300 -50 -49 -31 -415 -414 -413 -69 -29 -28 +236 -51 +168 +388 -112 -111 -27 -187 -186 -185 -184 -183 -183 -182 -181 -180 -179 -178 -177 -97 -96 -300 -285 -284 -281 -279 -278 -95 +347 -412 +349 -26 +329 +330 +329 +330 -266 +679 +400 +401 -142 +99 +100 +101 +133 +134 +402 +19 +329 +330 +20 +22 +24 +403 +80 +81 +82 +83 +84 +404 +405 +322 +406 +680 +408 -330 -329 +409 -330 -329 +410 +411 +265 -679 -399 -398 -328 -327 -326 -397 +251 -396 +353 -395 +329 +330 -394 -393 -393 -392 +360 +258 -18 +329 -300 -276 +220 -17 -391 -390 +37 -16 -389 -175 -388 -168 -167 -387 -25 +320 -351 -350 +3 +618 +4 -204 +320 -351 -350 +681 +339 +682 -124 +683 +640 +684 +640 +684 +640 +641 +527 +642 +529 +643 -380 +644 -436 +645 +523 +646 +226 -137 -136 -135 -190 -147 -146 -145 -144 -143 -142 -141 -140 -139 +300 -138 -152 -166 -263 -155 -154 -153 -152 -151 -173 -157 -173 -174 -173 -157 -173 -172 -171 -170 -169 -170 -191 -190 -189 -300 -293 +329 +330 -370 -672 -384 -671 +519 -670 +415 -669 +399 +400 -668 -667 +350 +351 -320 +629 -444 +630 +631 +632 +631 +632 +631 +632 +631 -307 -306 -305 -304 -304 -303 -302 -305 -304 -304 -303 +211 -306 -305 -304 -304 -303 -301 -300 +633 -217 +634 -289 -288 -218 -217 -216 -217 +635 -159 +636 -342 -341 +637 +638 -108 +639 +320 -351 -350 -14 -349 -348 -347 -346 -344 -343 -343 -342 -341 -13 -108 -12 -106 -345 -344 -343 -342 -341 -109 -108 -107 -106 -105 +300 -119 -281 -279 -278 -368 +329 +330 -11 +300 -214 -353 -352 +321 +322 +323 +324 +325 -300 -200 -330 -329 -199 -198 +436 -212 -211 -210 -209 -208 +661 -375 -281 -280 -278 -300 -299 -298 -297 -296 -295 -340 +647 +341 +648 +347 -213 +349 +649 -466 -300 -376 -375 -284 -281 -279 -278 -188 -187 -374 -373 -372 -330 -329 -371 -370 -369 +300 -104 -340 -23 -22 -21 -330 -329 -30 -113 -339 -231 -338 -116 -115 -337 -115 -337 -336 -335 -333 -334 -333 -332 -327 -331 -330 -329 -328 -327 -326 -230 -229 -228 -679 +351 -320 +204 -666 +44 -8 +532 -7 -469 -6 +312 +313 -5 -330 -329 -665 +44 +44 +45 -664 -121 -663 +329 +330 -662 +654 +655 +656 +404 +657 -574 +658 +376 +659 -391 +660 -300 -237 -236 -235 -234 -233 -232 -229 -383 -232 -165 -164 -163 -162 -161 -160 -159 -158 -382 -381 -257 -256 -255 -254 -253 -254 -252 -251 -250 -380 -379 -378 -377 -300 -653 -502 -652 +441 -651 +463 -650 +465 -300 -609 -593 +611 -471 -655 +350 +351 -320 +204 +2 -144 +1 +42 +267 +268 +269 +270 +271 $
>Anc0.Anc0refChr315
+323 +324 +325 $
>Anc0.Anc0refChr239
-497 $
>Anc0.Anc0refChr332
+334 +333 +335 +336 +337 -495 $
>Anc0.Anc0refChr95
+341 -467 $
>Anc0.Anc0refChr155
-316 $
>Anc0.Anc0refChr214
+368 $
>Anc0.Anc0refChr156
+661 -375 $
>Anc0.Anc0refChr15
+392 +393 +394 $
>Anc0.Anc0refChr72
-634 $
>Anc0.Anc0refChr104
+665 $
>Anc0.Anc0refChr276
-660 +391 -659 $
>Anc0.Anc0refChr201
+601 $
>Anc0.Anc0refChr317
-528 -527 -641 -640 $
>Anc0.Anc0refChr43
-573 $
>Anc0.Anc0refChr113
+413 +414 $
>Anc0.Anc0refChr8
-629 +320 -351 -350 -628 $
>Anc0.Anc0refChr92
-637 $
>Anc0.Anc0refChr143
-648 $
>Anc0.Anc0refChr216
+409 -330 -329 +410 $
>Anc0.Anc0refChr227
+390 $
>Anc0.Anc0refChr212
+395 -353 -352 +321 $
>Anc0.Anc0refChr41
-572 $
>Anc0.Anc0refChr94
-638 $
>Anc0.Anc0refChr97
+342 +343 +344 +346 $
>Anc0.Anc0refChr74
-635 $
>Anc0.Anc0refChr36
+364 +365 -487 +366 $
>Anc0.Anc0refChr70
-633 $
>Anc0.Anc0refChr279
-538 $
>Anc0.Anc0refChr49
+429 -494 +480 -493 +339 -492 -491 -490 +673 +674 $
>Anc0.Anc0refChr20
-602 $
>Anc0.Anc0refChr219
-675 $
>Anc0.Anc0refChr18
-604 +488 -603 $
>Anc0.Anc0refChr52
-481 $
>Anc0.Anc0refChr85
-453 +388 -452 -451 -450 -449 -477 $
>Anc0.Anc0refChr218
-599 $
>Yersinia_pestis_Z176003.Yersinia_pestis_Z176003.Chr
+272 +273 +278 +280 +281 +375 -661 +208 +209 +210 +211 +212 -436 +198 +199 +200 +300 -325 -324 -323 -322 -321 +352 +353 +214 +215 +320 -351 -350 +667 +668 -400 -399 +669 -415 +670 -519 +671 +384 +672 +370 -330 -329 +293 +300 +377 +378 +379 +380 +250 +251 +252 +254 +253 +254 +255 +256 +257 +381 +382 +158 +159 +160 +161 +162 +163 +164 +161 +88 +163 +595 +563 -622 +165 +232 +383 +229 +232 +233 +234 +235 +236 +237 +300 -660 +391 -659 -376 -658 +574 -657 -404 -656 -655 -654 -653 -502 -652 +441 -651 +463 -650 +465 +466 -649 -349 +213 -347 -648 -341 -647 +340 +295 +296 +297 +298 +299 +300 +189 +190 +191 +170 +169 +170 +171 +172 +173 +157 +173 +174 +173 +157 +173 +151 +152 +153 +154 +155 +263 +166 +152 +138 +139 +140 +141 +142 +143 +144 +145 +146 +147 +190 +135 +136 +136 +137 -226 -646 -523 -645 +436 -644 +380 -643 -529 -642 -527 -641 -640 -684 -640 -684 -640 -683 +124 -682 -339 -681 +350 +351 -320 +629 -444 +630 +631 +632 +631 +632 +631 +632 +631 -307 -306 -305 -304 -304 -303 -302 -305 -304 -304 -303 -306 -305 -304 -304 -303 -301 -300 +633 -217 +634 -289 -288 -218 -217 -216 -217 +635 -159 -159 +636 -342 -341 +637 +638 -108 +639 +320 -351 -350 -628 -623 +308 -627 -623 -626 -560 +381 +382 -559 -349 -558 -347 +262 -557 -556 -553 -552 -555 -623 +308 +309 -556 -553 -622 -621 +471 -620 -330 -329 -619 -618 -617 -615 -616 -615 -614 +482 +483 +484 +483 +485 -613 +362 -612 -611 -610 -609 -608 -598 +201 +202 +203 -548 -607 -338 -606 -354 -605 -451 -604 +488 -603 +260 -602 -601 +329 -300 +192 +238 +509 +239 -300 +240 +241 +242 +243 +244 +245 -330 -329 +131 +132 +133 +277 +278 +280 +281 +282 -600 +300 -591 -599 -598 -597 +202 -596 -595 -594 -593 -592 +428 -591 +329 +330 -590 +411 +676 -589 -447 -588 +506 -587 -330 -329 -675 +677 -198 +436 -490 +673 -358 +550 +208 +209 +677 -586 -584 -585 -584 -583 +516 +517 -582 -577 -581 +146 -580 -517 -516 -330 -329 -579 -140 +117 -330 -329 -578 -577 -576 -575 -574 -573 -424 -423 -572 -571 -456 -570 -349 -569 -347 -568 -567 -433 -566 +516 +517 -565 +149 +264 +300 -564 -563 -562 +476 -561 -560 +381 +382 -559 -349 -558 -347 +262 -557 -556 -553 -552 -625 -624 -623 +308 +309 -556 -553 -552 -555 -554 -553 -552 -551 -550 -549 -548 -547 +318 +118 -209 -208 -546 +373 -545 +537 -544 -543 -543 -542 +402 -541 +208 +209 -540 +208 +209 -71 -459 -72 -411 -75 -74 -73 -241 -79 +300 -78 -77 +337 -674 -673 +490 +491 -678 +195 +492 -339 +493 -480 +494 -429 +495 -337 +496 -514 -513 +83 -510 -509 -508 -507 -506 -505 -504 -503 -502 -501 -403 -500 +208 +209 -499 +389 -498 -497 -300 -86 -85 -209 -208 -89 -88 -87 +208 +209 -130 -129 -128 -127 -209 -208 -126 +300 -206 -178 -291 -91 -92 -91 -90 -209 -208 +515 +516 +300 -102 -222 +520 -376 -103 -209 -208 +521 +417 -125 -124 -123 -129 -176 +380 +522 +523 +524 +525 +525 +526 +527 +528 +529 +530 +531 +532 +533 -378 +534 +434 +535 -387 +536 +537 -261 -260 -259 -258 -360 +538 +300 +539 -209 -208 -489 -488 +292 +365 -487 +120 +121 +122 -300 -486 -485 -483 -484 -483 -484 -483 -482 +246 +248 +247 +248 +249 -381 +159 +310 +256 -481 -480 -479 -209 -208 -478 -449 -477 -476 +207 +208 +209 +475 -209 -208 -474 -473 -243 +68 +69 +70 +67 -156 -155 +65 +66 +67 -263 -155 -154 -472 -263 -155 -154 -153 -152 -151 -173 -157 -173 -172 +62 -471 +59 -100 +60 +61 +679 +662 +663 +121 +664 -45 -44 -44 +665 +329 +330 +5 -313 -312 +6 +469 +7 -532 +8 -44 +666 -204 +320 -351 +679 +311 +312 +313 +314 +315 +469 +470 -468 +313 +58 -209 -208 +421 +367 +422 +423 +424 +425 +426 +427 +220 +57 -376 +428 +300 +56 +429 +430 +431 +432 +385 +64 +433 +63 +434 +275 -387 +435 +234 +193 -300 +194 +195 +196 -198 +436 +110 +111 +437 +438 +439 -211 +440 -74 +36 +37 +38 +40 +39 +40 +41 +441 -417 +42 +42 +42 +42 +267 +208 +209 +268 +44 +442 +443 +444 +445 +443 +444 +445 +446 +447 +47 -270 +448 +85 +48 +49 +50 +300 +52 +208 +209 +416 +417 +418 +418 +419 -54 +420 -209 -208 +148 +149 +150 +341 -467 +300 +35 -466 -465 -464 -463 +34 +224 +197 +208 +209 +294 +347 -114 +349 +76 -462 +417 -461 +81 -460 -459 -458 +426 -457 -456 -455 -454 +33 +324 -453 +388 -452 -451 -450 -449 +32 -49 -31 -415 -414 -413 -69 -29 -28 +236 -51 +168 +388 -112 -111 -27 -187 -186 -185 -184 -183 -182 -181 -180 -179 -178 -177 -97 -96 -300 -285 -284 -281 -280 -278 -95 +347 -412 +349 -26 +329 +330 -266 +679 -265 -411 -410 +329 +330 -409 +329 +330 -408 -407 -406 -322 -405 -404 -84 -83 -82 -81 -80 -403 -24 -22 -20 -330 -329 -19 -402 -134 -133 -101 -100 -99 +142 -401 -400 -399 -398 -328 -327 -326 -397 +251 -396 +353 -395 +329 +330 -394 -393 -393 -392 +360 +258 -18 +329 -300 -276 +220 -17 -391 -390 +37 -16 -389 -175 -388 -168 -167 -387 -25 +320 -351 -350 -14 -349 -348 -347 -346 -344 -343 -343 -342 -341 -13 -108 -12 -106 -345 -344 -343 -342 -341 -109 -108 -107 -106 -105 -104 -340 -23 -22 -21 -330 -329 -30 -113 -339 -231 -338 -116 -115 -337 -115 -337 -336 -335 -333 -334 -333 -332 -327 -331 -330 -329 -328 -327 -326 -230 -229 -228 -679 +15 +384 +53 +54 +55 +385 +386 +350 +351 -320 -319 -318 -317 -316 -283 -281 -279 -278 -188 -187 -374 -373 -372 -330 -329 -371 -370 -369 +300 -119 -281 -279 -278 -368 +329 +330 -11 +300 -205 -367 -366 -365 -364 -356 -363 -362 -361 -360 -359 -358 -357 -356 -355 +208 +209 -46 -45 -44 -44 -43 -298 -9 -354 -10 -282 -281 -280 -278 -274 -204 +350 +351 -320 +204 -4 -618 -3 +350 +351 -320 +204 +2 -144 +1 +42 +267 +268 +269 +270 +271 $
>Anc0.Anc0refChr323
-616 -615 -614 +482 +483 +484 +485 -613 +362 -612 -611 $
>Anc0.Anc0refChr5
+448 $
>Anc0.Anc0refChr120
-621 +471 -620 $
>Anc0.Anc0refChr22
-545 +537 -544 -543 -542 +402 -541 $
>Anc0.Anc0refChr222
+332 $
>Anc0.Anc0refChr78
+383 $
>Anc0.Anc0refChr51
-479 $
>Anc0.Anc0refChr79
+435 $
>Anc0.Anc0refChr121
-622 $
>Anc0.Anc0refChr313
+396 $
>Anc0.Anc0refChr122
-627 -623 -626 $
>Anc0.Anc0refChr280
-564 -563 -562 +476 -561 -560 +381 +382 -559 -349 -558 -348 +412 $
>Anc0.Anc0refChr180
-539 $
>Anc0.Anc0refChr45
-555 -554 $
>Anc0.Anc0refChr307
-460 -459 -458 +426 +427 $
>Anc0.Anc0refChr44
-624 $
>Anc0.Anc0refChr98
-636 $
>Anc0.Anc0refChr105
+442 +443 +444 +445 +446 $
>Anc0.Anc0refChr275
+369 $
>Anc0.Anc0refChr3
-632 -631 -630 $
>Anc0.Anc0refChr55
-596 -595 -594 -593 -592 +428 -591 $
>Anc0.Anc0refChr59
-376 -658 +574 -657 -404 -656 -655 -654 +662 +663 $
>Anc0.Anc0refChr282
-590 +411 -589 -447 -588 $
>Anc0.Anc0refChr301
+667 +668 $
>Anc0.Anc0refChr46
-551 -550 -549 -548 -607 -338 -606 -354 -605 $
>Anc0.Anc0refChr223
-587 $
>Yersinia_pestis_CO92.Yersinia_pestis_CO92.Chr
+272 +273 +278 +280 +281 +375 -661 +208 +209 +210 +211 +212 -436 +198 +199 +200 +300 -325 -324 -323 -321 +352 +353 +214 +215 +320 -351 -350 +667 +668 -400 -399 +669 -415 +670 -519 +671 +384 +672 +370 -330 -329 +293 +300 +377 +378 +379 +380 +250 +251 +252 +254 +253 +254 +255 +256 +257 +381 +382 +158 +159 +160 +161 +162 +163 +164 +165 +232 +383 +229 +232 +233 +234 +235 +236 +237 +300 -660 +391 -659 -376 -658 +574 -657 -404 -656 -655 -654 -653 -502 -652 +441 -651 +463 -650 +465 +466 -649 -349 +213 -347 -648 -341 -647 +340 +295 +296 +297 +298 +299 +300 +189 +190 +191 +170 +169 +170 +171 +172 +173 +157 +173 +174 +173 +157 +173 +151 +152 +153 +154 +155 +263 +166 +152 +138 +139 +140 +141 +142 +143 +144 +145 +146 +147 +190 +135 +136 +136 +137 -226 -646 -523 -645 +436 -644 +380 -643 -529 -642 -527 -641 -640 -684 -640 -684 -640 -683 +124 -682 -339 -681 +350 +351 -320 -639 +108 -638 -637 +341 +342 -636 +159 -635 +217 +216 +217 +218 +288 +289 -634 +217 -633 +300 -239 -509 -238 -192 +300 -329 +601 +602 -260 +603 -488 +604 +451 +605 +354 +606 +338 +607 +548 -203 -202 -201 +598 +608 +609 +610 +611 +612 -362 +613 -485 -483 -484 -483 -482 +614 +615 +616 +615 +617 +618 +619 +329 +330 +620 -471 +621 +622 +553 +556 -309 -308 +623 +555 +552 +553 +556 -309 -308 +623 +624 +625 +552 +553 +556 +557 -262 +347 +558 +349 +559 -382 -381 +560 +626 +623 +627 -308 +623 +628 +350 +351 -320 +629 -444 +630 +631 +632 +631 +632 +631 +632 +631 -307 -306 -305 -304 -304 -303 -302 -305 -304 -304 -303 -306 -305 -304 -304 -303 -301 -300 +240 +241 +242 +243 +244 +245 -330 -329 +131 +132 +133 +277 +278 +280 +281 +282 -600 +300 -591 -599 -598 -597 +202 -596 -595 -594 -593 -592 +428 -591 +329 +330 -590 +411 +676 -589 -447 -588 +506 -587 -330 -329 -675 +677 -586 -584 -585 -584 -583 +516 +517 -582 -577 -581 +146 -580 -517 -516 -330 -329 -579 -140 +117 -330 -329 -578 -577 -576 -575 -574 -573 -424 -423 -572 -571 -456 -570 -349 -569 -347 -568 -567 -433 -566 +516 +517 -565 +149 +264 +300 -564 -563 -562 +476 -561 -560 +381 +382 -559 -349 -558 -347 +262 -557 -556 -553 -552 -555 -554 -553 -552 -551 -550 -549 -548 -547 +318 +118 -209 -208 -546 +373 -545 +537 -544 -543 -543 -542 +402 -541 +208 +209 -540 +208 +209 -475 -209 -208 -207 +476 +477 +449 +478 +208 +209 +479 +480 +481 -256 -310 -159 +381 -249 -248 -247 -248 -246 +482 +483 +484 +483 +484 +483 +485 +486 +300 -122 -121 -120 +487 -365 -292 +488 +489 +208 +209 -539 -300 -538 +360 +258 +259 +260 +261 -537 -536 +387 -535 -434 -534 +378 -533 -532 -531 -530 -529 -528 -527 -526 -525 -525 -524 -523 -522 -380 +176 +129 +123 +124 +125 -417 -521 +208 +209 +103 +376 -520 +222 +102 -300 +286 +287 +288 +290 +287 +288 +98 +217 +219 +220 +221 +222 +223 +224 +225 +226 +227 -97 +94 +454 +93 -519 -518 -516 -515 +208 +209 +90 +91 +92 +91 +291 +178 +206 -300 +126 +208 +209 +127 +128 +129 +130 -209 -208 +87 +88 +89 +208 +209 +85 +86 +300 +497 +498 -389 +499 -209 -208 +500 +403 +501 +502 +503 +504 +505 +506 +507 +508 +509 +510 -83 +511 +512 +513 +514 -496 +337 -495 +429 -494 +480 -493 +339 -492 -195 +678 -491 -490 +673 +674 -337 +77 +78 -300 +79 +241 +73 +74 +75 +411 +72 +459 +71 -209 -208 -474 -473 -243 +68 +69 +70 +67 -156 -155 +65 +66 +67 -263 -155 -154 -472 -263 -155 -154 -153 -152 -151 -173 -157 -173 -172 +62 -471 +59 -100 +60 +61 +679 +311 +312 +313 +314 +315 +469 +470 -468 +313 +58 -209 -208 +421 +367 +422 +423 +424 +425 +426 +427 +220 +57 -376 +428 +300 +56 +429 +430 +431 +208 +209 +432 +385 +64 +433 +63 +434 +275 -387 +435 +234 +193 -300 +467 -341 -150 -149 -148 +208 +209 -420 +54 -419 -418 -418 -417 -416 -209 -208 -52 -300 -50 -49 -48 -85 -448 +270 -47 -447 -446 -445 -444 -443 -445 -444 -443 -442 -44 -268 -209 -208 -267 -42 -42 -42 -42 +417 -441 -41 -40 -39 -40 -38 -37 -36 +74 -440 +211 -439 -438 -437 -111 -110 -436 +198 -196 -195 -194 +300 +35 -466 -465 -464 -463 +34 +224 +197 +208 +209 +294 +347 -114 +349 +76 -462 +417 -461 +81 -460 -459 -458 +426 -457 -456 -455 -454 +33 +324 -453 +388 -452 -451 -450 -449 +32 -49 -31 -415 -414 -413 -69 -29 -679 -28 +236 -51 +168 +388 -112 -111 -27 -187 -186 -185 -184 -183 -182 -181 -180 +300 -179 -178 -177 -97 -96 -300 -285 -284 -281 -279 -278 -95 +347 -412 +349 -26 +329 +330 -266 +679 -265 -411 -410 +329 +330 -409 +329 +330 -408 -680 -407 -406 -322 -405 -404 -84 -83 -82 -81 -80 -403 -24 -22 -20 -330 -329 -19 -402 -134 -133 -101 -100 -99 +142 -401 -400 -399 -398 -328 -327 -326 -397 +251 -396 +353 -395 +329 +330 -394 -393 -393 -392 +360 +258 -18 +329 -300 -276 +220 -17 -391 -390 +37 -16 -389 -175 -388 -168 -167 -387 -25 +320 -351 -350 -386 -385 -55 -54 -53 -384 -15 +679 +228 +229 +230 +326 +327 +328 +329 +330 +331 +327 +332 +333 +334 +333 +335 -350 -14 -349 -348 -347 -346 -344 -343 -343 -342 -341 -13 -108 -12 -106 -345 -344 -343 -342 -341 -109 -108 -107 -106 -105 -104 -340 -23 -22 -21 -330 -329 -30 -113 -339 -231 -338 -116 -115 -337 -115 -337 -336 -679 +351 -320 -319 -318 -317 -316 -283 -281 -279 -278 -188 -187 -374 -373 -372 -330 -329 -371 -370 -369 +300 -119 -281 -279 -278 -368 +329 +330 -11 +300 -205 -367 -366 -365 -364 -356 -363 -362 -361 -360 -359 -358 -357 -356 -355 +208 +209 -46 -45 -44 -44 -44 -43 -298 -9 -354 -10 -282 -281 -280 -278 -274 -204 +350 +351 -320 +204 -666 +44 -8 +532 -7 -469 -6 +312 +313 -5 -330 -329 -665 +44 +44 +45 -664 -121 -663 -662 -679 +350 +351 -320 +204 -4 -618 -3 +350 +351 -320 +204 +2 -144 +1 +42 +267 +268 +269 +270 +271 $
>Anc0.Anc0refChr177
+475 $
>Anc0.Anc0refChr220
-586 $
>Anc0.Anc0refChr269
+498 -389 +499 $
>Anc0.Anc0refChr2
-585 -584 -583 $
>Anc0.Anc0refChr295
-518 -517 -516 -515 $
>Anc0.Anc0refChr173
-546 $
>Anc0.Anc0refChr99
+345 $
>Anc0.Anc0refChr182
-600 $
>Anc0.Anc0refChr299
-581 $
>Anc0.Anc0refChr308
-461 $
>Anc0.Anc0refChr28
+469 +470 -468 $
>Anc0.Anc0refChr132
-580 $
>Anc0.Anc0refChr318
-526 -525 -524 $
>Anc0.Anc0refChr211
-579 $
>Anc0.Anc0refChr114
-472 $
>Anc0.Anc0refChr271
+372 +373 +374 $
>Anc0.Anc0refChr185
+355 +356 +357 +358 +359 +360 +361 $
>Anc0.Anc0refChr50
+430 +431 +432 +385 +386 $
>Anc0.Anc0refChr331
-571 $
>Anc0.Anc0refChr191
-457 -456 -455 -454 $
>Anc0.Anc0refChr192
-570 $
>Anc0.Anc0refChr144
-568 -567 -433 -566 $
>Anc0.Anc0refChr96
-647 +340 $
>Anc0.Anc0refChr174
-489 $
>Anc0.Anc0refChr60
-520 $
>Anc0.Anc0refChr298
-565 $
>Anc0.Anc0refChr31
+379 $
>Anc0.Anc0refChr213
-619 -618 -617 $
>Anc0.Anc0refChr187
+317 +318 +319 $
>Anc0.Anc0refChr38
+664 $
>Anc0.Anc0refChr172
-474 -473 $
>Anc0.Anc0refChr136
-521 $
>Anc0.Anc0refChr184
-478 $
>Anc0.Anc0refChr106
+666 $
>Anc0.Anc0refChr273
-486 $
>Anc0.Anc0refChr325
-569 -347 -557 -556 -553 -552 -625 $
>Anc0.Anc0refChr108
-522 $
>Anc0.Anc0refChr178
+416 -462 +417 +418 +419 $
>Anc0.Anc0refChr25
+437 +438 +439 +440 $
